# 行业趋势日报 | 2026-04-27

> 说明：展示申万一级、申万二级和自定义行业的当日行业分数、历史 q01-q99 阈值，以及基于历史分位位置计算的当前买卖评级。
> 生成时间：2026-04-27 23:09:52

---

## 大盘

> 展示全市场当日分数与历史 q01-q99 阈值。

| 对象 | 当前分数 | q01 | q10 | q25 | q50 | q75 | q90 | q99 | 买卖评级 |
| :-- | --: | --: | --: | --: | --: | --: | --: | --: | :-- |
| 全市场 | -0.017 | -0.060 | -0.037 | -0.023 | -0.017 | -0.006 | 0.001 | 0.014 | **中性偏多** |

## 申万一级行业

> 展示行业当前分数、今日板块平均涨幅和历史 q01-q99 阈值。

共 31 个行业，按当前分数从高到低排序。

| 行业名 | 当前分数 | 今日涨幅(%) | q01 | q10 | q25 | q50 | q75 | q90 | q99 | 买卖评级 |
| :-- | --: | --: | --: | --: | --: | --: | --: | --: | --: | :-- |
| 银行 | 0.017 | -0.55 | -0.044 | -0.033 | -0.017 | -0.009 | -0.000 | 0.006 | 0.022 | **强烈看多** |
| 有色金属 | 0.009 | 0.10 | -0.441 | -0.102 | -0.048 | -0.014 | 0.004 | 0.020 | 0.059 | **看多** |
| 交通运输 | -0.004 | -0.01 | -0.058 | -0.031 | -0.017 | -0.011 | -0.004 | 0.007 | 0.044 | **看多** |
| 通信 | -0.004 | 0.34 | -0.103 | -0.073 | -0.047 | -0.023 | -0.007 | 0.004 | 0.022 | **看多** |
| 钢铁 | -0.004 | -0.76 | -0.078 | -0.039 | -0.023 | -0.013 | -0.001 | 0.014 | 0.096 | **中性偏多** |
| 电力设备 | -0.005 | 0.09 | -0.082 | -0.048 | -0.033 | -0.019 | -0.003 | 0.017 | 0.045 | **中性偏多** |
| 汽车 | -0.006 | 0.37 | -0.062 | -0.035 | -0.023 | -0.015 | -0.002 | 0.004 | 0.031 | **中性偏多** |
| 商贸零售 | -0.008 | 1.49 | -0.080 | -0.043 | -0.022 | -0.010 | 0.001 | 0.016 | 0.063 | **中性偏多** |
| 传媒 | -0.009 | 0.14 | -0.156 | -0.059 | -0.029 | -0.009 | 0.000 | 0.017 | 0.047 | **中性** |
| 非银金融 | -0.012 | -0.32 | -0.068 | -0.026 | -0.016 | -0.008 | -0.002 | 0.004 | 0.022 | **中性** |
| 公用事业 | -0.016 | -0.17 | -0.060 | -0.037 | -0.024 | -0.013 | -0.006 | 0.003 | 0.031 | **中性** |
| 计算机 | -0.016 | 0.25 | -0.139 | -0.035 | -0.024 | -0.010 | 0.001 | 0.011 | 0.027 | **中性** |
| 家用电器 | -0.017 | 0.80 | -0.069 | -0.039 | -0.021 | -0.011 | -0.002 | 0.009 | 0.045 | **中性** |
| 轻工制造 | -0.018 | 0.72 | -0.061 | -0.033 | -0.027 | -0.014 | 0.002 | 0.013 | 0.038 | **中性** |
| 美容护理 | -0.018 | 1.44 | -0.047 | -0.024 | -0.017 | -0.007 | 0.004 | 0.014 | 0.038 | **中性偏空** |
| 纺织服饰 | -0.018 | 0.85 | -0.071 | -0.037 | -0.024 | -0.011 | -0.004 | 0.006 | 0.049 | **中性** |
| 农林牧渔 | -0.018 | -0.88 | -0.063 | -0.033 | -0.021 | -0.011 | 0.000 | 0.007 | 0.027 | **中性** |
| 环保 | -0.019 | 0.28 | -0.062 | -0.035 | -0.024 | -0.013 | -0.005 | 0.004 | 0.020 | **中性** |
| 国防军工 | -0.019 | 0.31 | -0.153 | -0.067 | -0.030 | -0.016 | 0.001 | 0.016 | 0.035 | **中性** |
| 房地产 | -0.023 | -0.12 | -0.051 | -0.030 | -0.017 | -0.005 | 0.005 | 0.016 | 0.039 | **中性偏空** |
| 医药生物 | -0.024 | -0.14 | -0.060 | -0.030 | -0.021 | -0.010 | -0.005 | 0.001 | 0.017 | **中性偏空** |
| 建筑装饰 | -0.025 | -0.66 | -0.064 | -0.032 | -0.022 | -0.013 | -0.004 | 0.005 | 0.023 | **中性偏空** |
| 建筑材料 | -0.025 | 0.73 | -0.083 | -0.057 | -0.041 | -0.019 | 0.000 | 0.022 | 0.153 | **中性** |
| 机械设备 | -0.027 | 1.18 | -0.067 | -0.045 | -0.029 | -0.016 | -0.004 | 0.010 | 0.028 | **中性** |
| 基础化工 | -0.027 | 0.40 | -0.069 | -0.049 | -0.035 | -0.018 | -0.012 | 0.005 | 0.019 | **中性** |
| 综合 | -0.029 | 1.04 | -0.253 | -0.145 | -0.054 | -0.024 | 0.001 | 0.021 | 0.205 | **中性** |
| 煤炭 | -0.031 | 1.08 | -0.145 | -0.061 | -0.030 | -0.015 | -0.004 | 0.005 | 0.110 | **中性偏空** |
| 社会服务 | -0.039 | 0.14 | -0.070 | -0.033 | -0.022 | -0.013 | 0.000 | 0.007 | 0.024 | **看空** |
| 电子 | -0.044 | 2.74 | -0.089 | -0.055 | -0.035 | -0.017 | -0.000 | 0.012 | 0.047 | **中性偏空** |
| 石油石化 | -0.056 | 0.81 | -0.185 | -0.068 | -0.042 | -0.019 | -0.008 | 0.010 | 0.335 | **中性偏空** |
| 食品饮料 | -0.057 | 0.04 | -0.069 | -0.023 | -0.014 | -0.008 | 0.000 | 0.008 | 0.033 | **看空** |

## 申万二级行业

> 展示行业当前分数、今日板块平均涨幅和历史 q01-q99 阈值。

共 128 个行业，按当前分数从高到低排序。

| 行业名 | 当前分数 | 今日涨幅(%) | q01 | q10 | q25 | q50 | q75 | q90 | q99 | 买卖评级 |
| :-- | --: | --: | --: | --: | --: | --: | --: | --: | --: | :-- |
| 电视广播Ⅱ | 0.241 | 2.81 | -0.316 | -0.040 | -0.024 | -0.001 | 0.020 | 0.049 | 0.217 | **极致看多** |
| 其他家电Ⅱ | 0.131 | 4.40 | -0.067 | -0.040 | -0.013 | -0.002 | 0.008 | 0.026 | 0.133 | **强烈看多** |
| 摩托车及其他 | 0.027 | -0.83 | -0.104 | -0.047 | -0.022 | -0.009 | 0.001 | 0.015 | 0.054 | **强烈看多** |
| 城商行Ⅱ | 0.026 | -0.55 | -0.043 | -0.027 | -0.013 | -0.005 | 0.005 | 0.015 | 0.035 | **强烈看多** |
| 国有大型银行Ⅱ | 0.026 | -0.92 | -0.051 | -0.034 | -0.020 | -0.010 | -0.001 | 0.007 | 0.029 | **强烈看多** |
| 小家电 | 0.019 | -0.01 | -0.058 | -0.032 | -0.022 | -0.009 | 0.001 | 0.014 | 0.046 | **强烈看多** |
| 其他电子Ⅱ | 0.017 | 2.50 | -0.099 | -0.067 | -0.045 | -0.019 | 0.004 | 0.023 | 0.077 | **看多** |
| 工业金属 | 0.015 | 0.19 | -0.459 | -0.113 | -0.042 | -0.013 | 0.006 | 0.027 | 0.060 | **看多** |
| 电池 | 0.015 | 0.63 | -0.109 | -0.045 | -0.030 | -0.017 | -0.003 | 0.016 | 0.067 | **看多** |
| 水泥 | 0.015 | 0.12 | -0.059 | -0.024 | -0.017 | -0.007 | 0.003 | 0.015 | 0.051 | **看多** |
| 小金属 | 0.010 | -2.01 | -0.230 | -0.115 | -0.065 | -0.023 | 0.005 | 0.026 | 0.165 | **看多** |
| 农商行Ⅱ | 0.009 | -0.86 | -0.041 | -0.029 | -0.018 | -0.007 | -0.000 | 0.007 | 0.019 | **强烈看多** |
| 特钢Ⅱ | 0.007 | -0.19 | -0.090 | -0.034 | -0.021 | -0.006 | 0.004 | 0.025 | 0.047 | **看多** |
| 厨卫电器 | 0.005 | 0.72 | -0.107 | -0.040 | -0.023 | -0.013 | 0.000 | 0.011 | 0.085 | **看多** |
| 出版 | 0.003 | -0.78 | -0.122 | -0.035 | -0.024 | -0.011 | -0.002 | 0.009 | 0.024 | **看多** |
| 医疗美容 | 0.003 | 0.68 | -0.038 | -0.029 | -0.014 | -0.004 | 0.006 | 0.023 | 0.059 | **中性偏多** |
| 光学光电子 | 0.002 | 2.24 | -0.088 | -0.048 | -0.032 | -0.016 | 0.002 | 0.025 | 0.122 | **看多** |
| 贵金属 | 0.001 | -1.49 | -0.976 | -0.099 | -0.036 | -0.014 | 0.007 | 0.033 | 0.103 | **中性偏多** |
| 通信服务 | 0.001 | -0.50 | -0.102 | -0.050 | -0.029 | -0.017 | -0.006 | 0.005 | 0.032 | **看多** |
| 白色家电 | 0.001 | -0.43 | -0.071 | -0.039 | -0.018 | -0.010 | -0.004 | 0.006 | 0.015 | **看多** |
| 动物保健Ⅱ | 0.000 | -0.43 | -0.145 | -0.064 | -0.037 | -0.007 | 0.004 | 0.013 | 0.033 | **中性偏多** |
| 航运港口 | 0.000 | -0.50 | -0.118 | -0.049 | -0.027 | -0.014 | -0.004 | 0.009 | 0.098 | **看多** |
| 计算机设备 | -0.002 | 0.61 | -0.079 | -0.033 | -0.024 | -0.008 | 0.002 | 0.009 | 0.037 | **中性偏多** |
| 风电设备 | -0.003 | 0.77 | -0.350 | -0.086 | -0.047 | -0.019 | 0.001 | 0.026 | 0.141 | **中性偏多** |
| 汽车零部件 | -0.003 | 0.50 | -0.087 | -0.041 | -0.029 | -0.015 | -0.003 | 0.008 | 0.029 | **看多** |
| 其他电源设备Ⅱ | -0.003 | 0.78 | -0.112 | -0.073 | -0.044 | -0.013 | 0.009 | 0.029 | 0.124 | **中性偏多** |
| 玻璃玻纤 | -0.003 | 1.91 | -0.187 | -0.108 | -0.068 | -0.028 | 0.005 | 0.037 | 0.359 | **中性偏多** |
| 医药商业 | -0.003 | -0.42 | -0.071 | -0.040 | -0.021 | -0.008 | 0.000 | 0.014 | 0.058 | **中性偏多** |
| 软件开发 | -0.004 | 0.57 | -0.165 | -0.035 | -0.020 | -0.006 | 0.005 | 0.018 | 0.049 | **中性偏多** |
| 电子化学品Ⅱ | -0.005 | 2.19 | -0.167 | -0.079 | -0.044 | -0.020 | 0.000 | 0.019 | 0.070 | **中性偏多** |
| 旅游零售Ⅱ | -0.005 | 0.31 | -0.272 | -0.051 | -0.017 | -0.004 | 0.018 | 0.034 | 0.086 | **中性** |
| 光伏设备 | -0.005 | -0.66 | -0.115 | -0.074 | -0.049 | -0.022 | -0.000 | 0.025 | 0.124 | **中性偏多** |
| 铁路公路 | -0.005 | -0.35 | -0.038 | -0.023 | -0.015 | -0.007 | 0.000 | 0.006 | 0.024 | **中性偏多** |
| 通信设备 | -0.006 | 0.62 | -0.139 | -0.083 | -0.049 | -0.026 | -0.004 | 0.008 | 0.029 | **中性偏多** |
| 保险Ⅱ | -0.006 | -0.58 | -0.078 | -0.030 | -0.016 | -0.006 | 0.004 | 0.013 | 0.041 | **中性偏多** |
| 造纸 | -0.006 | 0.43 | -0.138 | -0.037 | -0.023 | -0.013 | 0.001 | 0.015 | 0.066 | **中性偏多** |
| 地面兵装Ⅱ | -0.006 | 1.62 | -0.321 | -0.064 | -0.022 | -0.004 | 0.010 | 0.029 | 0.115 | **中性** |
| 一般零售 | -0.006 | 2.20 | -0.065 | -0.039 | -0.023 | -0.012 | -0.000 | 0.011 | 0.076 | **中性偏多** |
| 金属新材料 | -0.007 | 1.95 | -0.125 | -0.065 | -0.043 | -0.017 | -0.000 | 0.012 | 0.043 | **中性偏多** |
| 物流 | -0.007 | 0.83 | -0.045 | -0.029 | -0.016 | -0.009 | -0.001 | 0.006 | 0.051 | **中性偏多** |
| 食品加工 | -0.007 | 0.70 | -0.059 | -0.026 | -0.014 | -0.006 | 0.002 | 0.009 | 0.025 | **中性** |
| 普钢 | -0.007 | -0.93 | -0.069 | -0.035 | -0.024 | -0.012 | -0.002 | 0.010 | 0.081 | **中性偏多** |
| 航海装备Ⅱ | -0.007 | -1.32 | -0.059 | -0.030 | -0.019 | -0.006 | 0.007 | 0.024 | 0.074 | **中性** |
| 服装家纺 | -0.008 | 1.78 | -0.063 | -0.028 | -0.017 | -0.007 | 0.002 | 0.010 | 0.029 | **中性** |
| 股份制银行Ⅱ | -0.008 | 0.02 | -0.049 | -0.029 | -0.017 | -0.008 | -0.000 | 0.004 | 0.014 | **中性偏多** |
| 航空机场 | -0.008 | -0.39 | -0.071 | -0.029 | -0.016 | -0.008 | 0.001 | 0.009 | 0.054 | **中性** |
| 冶钢原料 | -0.008 | -1.26 | -0.115 | -0.077 | -0.053 | -0.017 | 0.011 | 0.033 | 0.177 | **中性偏多** |
| 房地产服务 | -0.009 | 1.09 | -0.060 | -0.032 | -0.022 | -0.008 | 0.007 | 0.024 | 0.085 | **中性** |
| 能源金属 | -0.011 | 1.06 | -0.109 | -0.059 | -0.045 | -0.018 | 0.002 | 0.020 | 0.065 | **中性偏多** |
| 酒店餐饮 | -0.011 | -1.34 | -0.073 | -0.037 | -0.021 | -0.007 | 0.005 | 0.015 | 0.033 | **中性** |
| 个护用品 | -0.011 | -0.40 | -0.063 | -0.043 | -0.028 | -0.013 | 0.004 | 0.023 | 0.090 | **中性偏多** |
| 房屋建设Ⅱ | -0.012 | -1.38 | -0.051 | -0.033 | -0.022 | -0.011 | -0.004 | 0.005 | 0.057 | **中性** |
| 贸易Ⅱ | -0.012 | 0.53 | -0.155 | -0.055 | -0.030 | -0.011 | 0.006 | 0.055 | 0.214 | **中性** |
| 化学制品 | -0.012 | 0.52 | -0.066 | -0.042 | -0.030 | -0.016 | -0.007 | 0.006 | 0.035 | **中性偏多** |
| 乘用车 | -0.013 | 0.36 | -0.068 | -0.032 | -0.020 | -0.007 | 0.001 | 0.008 | 0.046 | **中性** |
| 饮料乳品 | -0.014 | 1.16 | -0.070 | -0.031 | -0.019 | -0.011 | -0.004 | 0.004 | 0.030 | **中性** |
| 电机Ⅱ | -0.014 | 1.32 | -0.138 | -0.044 | -0.019 | -0.006 | 0.009 | 0.020 | 0.061 | **中性** |
| 饲料 | -0.015 | -0.69 | -0.065 | -0.037 | -0.020 | -0.011 | -0.004 | 0.007 | 0.049 | **中性** |
| 工程机械 | -0.015 | 1.05 | -0.050 | -0.029 | -0.020 | -0.005 | 0.005 | 0.014 | 0.045 | **中性** |
| 化学纤维 | -0.015 | -0.22 | -0.111 | -0.072 | -0.037 | -0.019 | -0.002 | 0.018 | 0.063 | **中性偏多** |
| 医疗器械 | -0.016 | 0.11 | -0.069 | -0.030 | -0.019 | -0.011 | -0.004 | 0.001 | 0.021 | **中性** |
| 证券Ⅱ | -0.016 | -0.50 | -0.066 | -0.031 | -0.016 | -0.009 | -0.002 | 0.009 | 0.024 | **中性** |
| 电力 | -0.016 | -0.29 | -0.062 | -0.034 | -0.022 | -0.013 | -0.005 | 0.003 | 0.031 | **中性** |
| 油气开采Ⅱ | -0.016 | 0.56 | -0.330 | -0.103 | -0.054 | -0.017 | 0.002 | 0.026 | 0.581 | **中性偏多** |
| 专用设备 | -0.016 | 0.92 | -0.087 | -0.062 | -0.041 | -0.020 | -0.008 | 0.015 | 0.057 | **中性偏多** |
| 环境治理 | -0.016 | 0.43 | -0.063 | -0.030 | -0.022 | -0.012 | -0.004 | 0.004 | 0.018 | **中性** |
| 养殖业 | -0.016 | -2.08 | -0.080 | -0.035 | -0.022 | -0.011 | 0.004 | 0.017 | 0.052 | **中性** |
| 家居用品 | -0.017 | 1.16 | -0.057 | -0.033 | -0.022 | -0.013 | -0.005 | 0.011 | 0.037 | **中性** |
| 互联网电商 | -0.017 | -0.38 | -0.218 | -0.060 | -0.031 | -0.009 | 0.003 | 0.022 | 0.052 | **中性** |
| 工程咨询服务Ⅱ | -0.017 | 1.06 | -0.057 | -0.041 | -0.026 | -0.012 | 0.004 | 0.022 | 0.069 | **中性** |
| 航空装备Ⅱ | -0.017 | -0.14 | -0.096 | -0.063 | -0.030 | -0.013 | 0.006 | 0.018 | 0.061 | **中性** |
| 专业连锁Ⅱ | -0.018 | 0.56 | -0.143 | -0.044 | -0.022 | -0.005 | 0.009 | 0.023 | 0.048 | **中性** |
| 商用车 | -0.018 | -0.01 | -0.075 | -0.043 | -0.018 | -0.010 | -0.003 | 0.012 | 0.122 | **中性** |
| 医疗服务 | -0.018 | -0.12 | -0.091 | -0.040 | -0.025 | -0.006 | 0.004 | 0.014 | 0.042 | **中性** |
| 化学制药 | -0.018 | -0.02 | -0.057 | -0.028 | -0.022 | -0.010 | -0.002 | 0.006 | 0.025 | **中性** |
| 农化制品 | -0.018 | -0.38 | -0.103 | -0.057 | -0.038 | -0.016 | -0.003 | 0.015 | 0.056 | **中性** |
| 燃气Ⅱ | -0.019 | 0.34 | -0.146 | -0.054 | -0.032 | -0.020 | -0.005 | 0.009 | 0.086 | **中性偏多** |
| 调味发酵品Ⅱ | -0.019 | 0.62 | -0.069 | -0.029 | -0.014 | -0.005 | 0.004 | 0.013 | 0.025 | **中性偏空** |
| 多元金融 | -0.020 | 0.14 | -0.113 | -0.047 | -0.025 | -0.013 | -0.004 | 0.010 | 0.087 | **中性** |
| 化学原料 | -0.021 | 0.29 | -0.137 | -0.092 | -0.050 | -0.022 | -0.009 | 0.010 | 0.081 | **中性偏多** |
| 农产品加工 | -0.023 | -0.49 | -0.075 | -0.036 | -0.020 | -0.011 | -0.001 | 0.013 | 0.029 | **中性偏空** |
| 汽车服务 | -0.024 | -0.51 | -0.113 | -0.028 | -0.014 | -0.003 | 0.005 | 0.015 | 0.069 | **中性偏空** |
| 油服工程 | -0.024 | 1.09 | -0.217 | -0.095 | -0.049 | -0.017 | -0.004 | 0.015 | 0.591 | **中性** |
| 房地产开发 | -0.024 | -0.46 | -0.054 | -0.031 | -0.018 | -0.005 | 0.005 | 0.014 | 0.049 | **中性偏空** |
| 文娱用品 | -0.025 | 1.38 | -0.066 | -0.039 | -0.025 | -0.013 | -0.002 | 0.015 | 0.056 | **中性** |
| 基础建设 | -0.025 | -2.10 | -0.107 | -0.040 | -0.025 | -0.012 | -0.005 | 0.009 | 0.042 | **中性** |
| 种植业 | -0.025 | -0.61 | -0.128 | -0.055 | -0.021 | -0.008 | 0.003 | 0.023 | 0.084 | **中性偏空** |
| 饰品 | -0.025 | -0.44 | -0.296 | -0.069 | -0.032 | -0.015 | 0.001 | 0.016 | 0.157 | **中性** |
| 包装印刷 | -0.026 | -0.28 | -0.115 | -0.069 | -0.046 | -0.013 | 0.021 | 0.061 | 0.117 | **中性** |
| 旅游及景区 | -0.027 | -0.02 | -0.059 | -0.035 | -0.026 | -0.012 | 0.001 | 0.013 | 0.090 | **中性偏空** |
| 照明设备Ⅱ | -0.027 | 1.04 | -0.127 | -0.073 | -0.029 | -0.011 | 0.005 | 0.017 | 0.117 | **中性** |
| 军工电子Ⅱ | -0.027 | 1.22 | -0.160 | -0.075 | -0.039 | -0.017 | -0.002 | 0.013 | 0.042 | **中性** |
| 航天装备Ⅱ | -0.027 | 0.51 | -0.624 | -0.187 | -0.079 | -0.024 | 0.004 | 0.043 | 0.359 | **中性** |
| 生物制品 | -0.028 | -0.75 | -0.084 | -0.040 | -0.024 | -0.013 | -0.006 | 0.002 | 0.037 | **中性偏空** |
| 专业工程 | -0.028 | -0.52 | -0.095 | -0.044 | -0.030 | -0.009 | 0.006 | 0.029 | 0.070 | **中性** |
| 纺织制造 | -0.029 | 0.19 | -0.065 | -0.044 | -0.027 | -0.013 | -0.002 | 0.009 | 0.022 | **中性偏空** |
| 综合Ⅱ | -0.029 | 1.04 | -0.253 | -0.145 | -0.054 | -0.024 | 0.001 | 0.021 | 0.205 | **中性** |
| 教育 | -0.030 | 0.09 | -0.154 | -0.037 | -0.024 | -0.009 | 0.004 | 0.029 | 0.057 | **中性偏空** |
| 通用设备 | -0.030 | 1.24 | -0.073 | -0.043 | -0.030 | -0.017 | -0.001 | 0.015 | 0.038 | **中性偏空** |
| 煤炭开采 | -0.031 | 1.08 | -0.145 | -0.061 | -0.030 | -0.015 | -0.004 | 0.005 | 0.110 | **中性偏空** |
| 渔业 | -0.032 | 0.79 | -0.105 | -0.035 | -0.018 | -0.009 | 0.004 | 0.012 | 0.121 | **中性偏空** |
| 轨交设备Ⅱ | -0.032 | 0.58 | -0.074 | -0.032 | -0.023 | -0.011 | -0.001 | 0.007 | 0.030 | **看空** |
| 元件 | -0.033 | 3.23 | -0.110 | -0.071 | -0.046 | -0.019 | 0.005 | 0.019 | 0.085 | **中性** |
| 环保设备Ⅱ | -0.033 | -0.33 | -0.123 | -0.067 | -0.042 | -0.016 | -0.001 | 0.024 | 0.099 | **中性** |
| 广告营销 | -0.035 | -1.01 | -0.231 | -0.066 | -0.035 | -0.013 | 0.005 | 0.025 | 0.069 | **中性偏空** |
| 化妆品 | -0.037 | 3.04 | -0.065 | -0.028 | -0.015 | -0.007 | 0.004 | 0.014 | 0.045 | **看空** |
| 数字媒体 | -0.039 | 0.07 | -0.397 | -0.061 | -0.020 | -0.009 | 0.010 | 0.027 | 0.179 | **中性偏空** |
| 电网设备 | -0.041 | -0.48 | -0.100 | -0.064 | -0.036 | -0.016 | -0.001 | 0.018 | 0.044 | **中性偏空** |
| 半导体 | -0.044 | 3.35 | -0.094 | -0.054 | -0.036 | -0.014 | 0.006 | 0.026 | 0.041 | **中性偏空** |
| 自动化设备 | -0.045 | 2.08 | -0.106 | -0.062 | -0.043 | -0.022 | -0.001 | 0.013 | 0.030 | **中性偏空** |
| IT服务Ⅱ | -0.046 | -0.29 | -0.164 | -0.054 | -0.030 | -0.014 | 0.003 | 0.024 | 0.076 | **中性偏空** |
| 非金属材料Ⅱ | -0.055 | 1.43 | -0.131 | -0.084 | -0.044 | -0.017 | 0.008 | 0.043 | 0.131 | **中性偏空** |
| 影视院线 | -0.056 | 1.96 | -0.434 | -0.086 | -0.030 | -0.007 | 0.014 | 0.044 | 0.183 | **中性偏空** |
| 中药Ⅱ | -0.058 | -0.26 | -0.058 | -0.034 | -0.020 | -0.012 | -0.005 | -0.001 | 0.014 | **强烈看空** |
| 家电零部件Ⅱ | -0.060 | 1.46 | -0.184 | -0.051 | -0.028 | -0.011 | -0.000 | 0.025 | 0.090 | **看空** |
| 炼化及贸易 | -0.061 | 0.70 | -0.181 | -0.068 | -0.040 | -0.019 | -0.007 | 0.008 | 0.295 | **中性偏空** |
| 专业服务 | -0.061 | 0.60 | -0.084 | -0.045 | -0.028 | -0.012 | -0.001 | 0.012 | 0.035 | **看空** |
| 游戏Ⅱ | -0.062 | 1.78 | -0.157 | -0.064 | -0.026 | -0.007 | 0.010 | 0.026 | 0.064 | **中性偏空** |
| 白酒Ⅱ | -0.069 | -2.11 | -0.082 | -0.025 | -0.015 | -0.006 | 0.002 | 0.011 | 0.054 | **看空** |
| 农业综合Ⅱ | -0.074 | -0.64 | -0.074 | -0.034 | -0.014 | -0.002 | 0.007 | 0.020 | 0.065 | **看空** |
| 消费电子 | -0.077 | 2.33 | -0.119 | -0.052 | -0.038 | -0.016 | -0.000 | 0.020 | 0.051 | **看空** |
| 塑料 | -0.081 | 0.92 | -0.087 | -0.062 | -0.037 | -0.020 | 0.000 | 0.017 | 0.085 | **看空** |
| 非白酒 | -0.081 | -0.34 | -0.049 | -0.032 | -0.017 | -0.007 | -0.000 | 0.009 | 0.028 | **强烈看空** |
| 休闲食品 | -0.085 | -0.27 | -0.082 | -0.030 | -0.015 | -0.007 | -0.000 | 0.008 | 0.043 | **强烈看空** |
| 黑色家电 | -0.094 | -0.18 | -0.145 | -0.067 | -0.034 | -0.012 | -0.000 | 0.019 | 0.430 | **看空** |
| 装修建材 | -0.102 | 0.53 | -0.077 | -0.046 | -0.020 | -0.009 | -0.001 | 0.017 | 0.070 | **强烈看空** |
| 橡胶 | -0.108 | -0.05 | -0.128 | -0.060 | -0.033 | -0.010 | 0.010 | 0.027 | 0.276 | **看空** |
| 装修装饰Ⅱ | -0.111 | -0.55 | -0.116 | -0.053 | -0.030 | -0.011 | 0.008 | 0.043 | 0.161 | **看空** |

## 自定义行业

> 展示行业当前分数、今日板块平均涨幅和历史 q01-q99 阈值。

共 26 个行业，按当前分数从高到低排序。

| 行业名 | 当前分数 | 今日涨幅(%) | q01 | q10 | q25 | q50 | q75 | q90 | q99 | 买卖评级 |
| :-- | --: | --: | --: | --: | --: | --: | --: | --: | --: | :-- |
| 燃气轮机 | 0.025 | -0.04 | -0.103 | -0.068 | -0.042 | -0.025 | 0.005 | 0.020 | 0.078 | **强烈看多** |
| 锂电 | 0.014 | 1.59 | -0.117 | -0.048 | -0.034 | -0.019 | -0.003 | 0.015 | 0.064 | **看多** |
| 氢能源 | -0.005 | -0.38 | -0.131 | -0.067 | -0.037 | -0.017 | -0.001 | 0.010 | 0.114 | **中性偏多** |
| 核聚变 | -0.006 | 0.80 | -0.098 | -0.060 | -0.041 | -0.016 | 0.003 | 0.017 | 0.052 | **中性偏多** |
| 军工 | -0.012 | 0.43 | -0.121 | -0.055 | -0.030 | -0.016 | 0.003 | 0.019 | 0.043 | **中性偏多** |
| 金融券商 | -0.013 | -0.20 | -0.072 | -0.032 | -0.017 | -0.008 | 0.000 | 0.010 | 0.024 | **中性** |
| 人形机器人 | -0.015 | 1.09 | -0.103 | -0.040 | -0.026 | -0.011 | -0.001 | 0.016 | 0.035 | **中性** |
| 光模块 | -0.015 | 1.13 | -0.171 | -0.085 | -0.058 | -0.026 | -0.002 | 0.012 | 0.050 | **中性偏多** |
| 钠电池 | -0.016 | 1.02 | -0.096 | -0.050 | -0.032 | -0.014 | -0.003 | 0.019 | 0.101 | **中性** |
| 大化工 | -0.017 | 0.01 | -0.103 | -0.052 | -0.034 | -0.015 | -0.003 | 0.014 | 0.032 | **中性** |
| 光伏 | -0.018 | 0.07 | -0.115 | -0.072 | -0.046 | -0.019 | 0.001 | 0.018 | 0.119 | **中性偏多** |
| 低空经济 | -0.021 | 0.07 | -0.102 | -0.046 | -0.024 | -0.011 | -0.000 | 0.012 | 0.049 | **中性** |
| 电力及设备 | -0.026 | -0.20 | -0.074 | -0.042 | -0.026 | -0.014 | -0.006 | 0.005 | 0.020 | **中性偏空** |
| pcb | -0.028 | 3.19 | -0.115 | -0.086 | -0.055 | -0.032 | 0.003 | 0.016 | 0.076 | **中性偏多** |
| Ai电源 | -0.028 | 1.29 | -0.116 | -0.074 | -0.037 | -0.017 | 0.007 | 0.024 | 0.065 | **中性** |
| 深海经济 | -0.029 | -0.86 | -0.092 | -0.054 | -0.029 | -0.014 | 0.009 | 0.030 | 0.100 | **中性** |
| 固态 | -0.029 | -0.07 | -0.120 | -0.056 | -0.034 | -0.013 | -0.002 | 0.010 | 0.081 | **中性** |
| 液冷 | -0.030 | -0.25 | -0.132 | -0.084 | -0.054 | -0.028 | -0.008 | 0.010 | 0.078 | **中性** |
| Ai眼镜 | -0.033 | 1.64 | -0.055 | -0.032 | -0.022 | -0.008 | 0.005 | 0.020 | 0.055 | **看空** |
| 算力租赁 | -0.034 | -1.47 | -0.170 | -0.082 | -0.040 | -0.020 | 0.000 | 0.008 | 0.050 | **中性** |
| 商业航天 | -0.034 | 0.41 | -0.253 | -0.104 | -0.049 | -0.028 | -0.001 | 0.026 | 0.057 | **中性** |
| 半导体 | -0.036 | 2.67 | -0.101 | -0.055 | -0.037 | -0.016 | 0.004 | 0.016 | 0.035 | **中性** |
| 脑机接口 | -0.044 | 0.48 | -0.208 | -0.046 | -0.028 | -0.013 | 0.001 | 0.018 | 0.171 | **中性偏空** |
| 油气油运 | -0.053 | 0.41 | -0.195 | -0.066 | -0.040 | -0.021 | -0.009 | 0.009 | 0.327 | **中性偏空** |
| 光刻机 | -0.057 | 1.26 | -0.115 | -0.062 | -0.042 | -0.020 | -0.004 | 0.016 | 0.076 | **中性偏空** |
| 存储 | -0.081 | 2.33 | -0.136 | -0.090 | -0.054 | -0.025 | 0.010 | 0.059 | 0.203 | **中性偏空** |

---

### 评级说明

- `极致看多`：当前分数 >= 历史 q99
- `强烈看多`：当前分数 >= 历史 q90
- `看多`：当前分数 >= 历史 q75
- `中性偏多`：当前分数 >= 历史 q50
- `中性`：当前分数 >= 历史 q25
- `中性偏空`：当前分数 >= 历史 q10
- `看空`：当前分数 >= 历史 q01
- `强烈看空`：当前分数 < 历史 q01
