# 行业趋势日报 | 2026-04-23

> 说明：展示申万一级、申万二级和自定义行业的当日行业分数、历史 q01-q99 阈值，以及基于历史分位位置计算的当前买卖评级。
> 生成时间：2026-04-23 21:04:43

---

## 大盘

> 展示全市场当日分数与历史 q01-q99 阈值。

| 对象 | 当前分数 | q01 | q10 | q25 | q50 | q75 | q90 | q99 | 买卖评级 |
| :-- | --: | --: | --: | --: | --: | --: | --: | --: | :-- |
| 全市场 | -0.012 | -0.060 | -0.038 | -0.023 | -0.018 | -0.007 | -0.000 | 0.016 | **中性偏多** |

## 申万一级行业

> 展示行业当前分数、今日板块平均涨幅和历史 q01-q99 阈值。

共 31 个行业，按当前分数从高到低排序。

| 行业名 | 当前分数 | 今日涨幅(%) | q01 | q10 | q25 | q50 | q75 | q90 | q99 | 买卖评级 |
| :-- | --: | --: | --: | --: | --: | --: | --: | --: | --: | :-- |
| 房地产 | 0.024 | -0.01 | -0.051 | -0.031 | -0.016 | -0.004 | 0.005 | 0.014 | 0.040 | **强烈看多** |
| 有色金属 | 0.014 | -3.07 | -0.443 | -0.103 | -0.048 | -0.014 | 0.004 | 0.018 | 0.046 | **看多** |
| 银行 | 0.011 | 1.11 | -0.047 | -0.033 | -0.017 | -0.009 | -0.002 | 0.005 | 0.024 | **强烈看多** |
| 综合 | 0.009 | -0.30 | -0.254 | -0.147 | -0.055 | -0.025 | 0.000 | 0.017 | 0.208 | **看多** |
| 家用电器 | 0.001 | -0.29 | -0.070 | -0.039 | -0.021 | -0.011 | -0.003 | 0.006 | 0.046 | **看多** |
| 计算机 | -0.000 | -1.37 | -0.139 | -0.035 | -0.024 | -0.010 | -0.000 | 0.010 | 0.028 | **中性偏多** |
| 传媒 | -0.001 | -0.29 | -0.157 | -0.058 | -0.030 | -0.008 | 0.001 | 0.016 | 0.048 | **中性偏多** |
| 食品饮料 | -0.006 | 0.80 | -0.069 | -0.022 | -0.014 | -0.008 | 0.001 | 0.008 | 0.034 | **中性偏多** |
| 建筑装饰 | -0.007 | -0.41 | -0.064 | -0.033 | -0.022 | -0.013 | -0.004 | 0.005 | 0.025 | **中性偏多** |
| 非银金融 | -0.007 | -0.86 | -0.069 | -0.026 | -0.017 | -0.008 | -0.002 | 0.005 | 0.022 | **中性偏多** |
| 社会服务 | -0.010 | 0.12 | -0.071 | -0.032 | -0.022 | -0.013 | -0.001 | 0.006 | 0.026 | **中性偏多** |
| 纺织服饰 | -0.010 | -0.69 | -0.071 | -0.038 | -0.024 | -0.011 | -0.004 | 0.006 | 0.050 | **中性偏多** |
| 机械设备 | -0.010 | -1.72 | -0.067 | -0.045 | -0.030 | -0.016 | -0.004 | 0.009 | 0.029 | **中性偏多** |
| 美容护理 | -0.010 | -0.43 | -0.048 | -0.025 | -0.017 | -0.007 | 0.004 | 0.015 | 0.038 | **中性** |
| 医药生物 | -0.010 | -1.04 | -0.061 | -0.030 | -0.021 | -0.010 | -0.005 | 0.001 | 0.019 | **中性偏多** |
| 环保 | -0.013 | -0.30 | -0.063 | -0.035 | -0.023 | -0.014 | -0.005 | 0.003 | 0.021 | **中性偏多** |
| 电力设备 | -0.013 | -1.37 | -0.083 | -0.050 | -0.034 | -0.019 | -0.002 | 0.017 | 0.046 | **中性偏多** |
| 基础化工 | -0.015 | -0.99 | -0.069 | -0.049 | -0.035 | -0.018 | -0.012 | 0.003 | 0.019 | **中性偏多** |
| 电子 | -0.016 | -1.77 | -0.089 | -0.056 | -0.036 | -0.016 | -0.000 | 0.010 | 0.041 | **中性偏多** |
| 钢铁 | -0.017 | -1.81 | -0.078 | -0.039 | -0.023 | -0.013 | -0.001 | 0.013 | 0.096 | **中性** |
| 汽车 | -0.018 | -1.48 | -0.062 | -0.036 | -0.023 | -0.015 | -0.002 | 0.003 | 0.032 | **中性** |
| 国防军工 | -0.023 | -0.51 | -0.153 | -0.067 | -0.031 | -0.016 | 0.000 | 0.015 | 0.033 | **中性** |
| 交通运输 | -0.025 | -0.48 | -0.058 | -0.034 | -0.018 | -0.011 | -0.005 | 0.007 | 0.045 | **中性偏空** |
| 煤炭 | -0.025 | 2.74 | -0.145 | -0.064 | -0.029 | -0.016 | -0.006 | 0.005 | 0.109 | **中性** |
| 农林牧渔 | -0.027 | -0.72 | -0.063 | -0.034 | -0.022 | -0.011 | 0.000 | 0.007 | 0.029 | **中性偏空** |
| 轻工制造 | -0.028 | -0.82 | -0.062 | -0.033 | -0.027 | -0.014 | 0.002 | 0.012 | 0.033 | **中性偏空** |
| 建筑材料 | -0.031 | -0.91 | -0.084 | -0.057 | -0.039 | -0.018 | -0.001 | 0.020 | 0.148 | **中性** |
| 公用事业 | -0.031 | 1.76 | -0.065 | -0.040 | -0.025 | -0.013 | -0.007 | 0.003 | 0.033 | **中性偏空** |
| 石油石化 | -0.038 | 1.68 | -0.185 | -0.071 | -0.042 | -0.020 | -0.008 | 0.010 | 0.336 | **中性** |
| 商贸零售 | -0.044 | -0.00 | -0.083 | -0.043 | -0.023 | -0.011 | 0.002 | 0.014 | 0.064 | **看空** |
| 通信 | -0.053 | -0.82 | -0.103 | -0.071 | -0.047 | -0.024 | -0.009 | 0.003 | 0.023 | **中性偏空** |

## 申万二级行业

> 展示行业当前分数、今日板块平均涨幅和历史 q01-q99 阈值。

共 128 个行业，按当前分数从高到低排序。

| 行业名 | 当前分数 | 今日涨幅(%) | q01 | q10 | q25 | q50 | q75 | q90 | q99 | 买卖评级 |
| :-- | --: | --: | --: | --: | --: | --: | --: | --: | --: | :-- |
| 黑色家电 | 0.081 | 0.52 | -0.129 | -0.066 | -0.030 | -0.013 | -0.001 | 0.018 | 0.432 | **强烈看多** |
| 装修装饰Ⅱ | 0.044 | 0.05 | -0.088 | -0.047 | -0.029 | -0.011 | 0.009 | 0.043 | 0.169 | **强烈看多** |
| 能源金属 | 0.032 | -3.51 | -0.109 | -0.059 | -0.046 | -0.019 | 0.001 | 0.017 | 0.060 | **强烈看多** |
| 橡胶 | 0.031 | -1.14 | -0.129 | -0.056 | -0.033 | -0.008 | 0.009 | 0.025 | 0.281 | **强烈看多** |
| 专业连锁Ⅱ | 0.030 | -0.45 | -0.143 | -0.046 | -0.022 | -0.003 | 0.011 | 0.022 | 0.041 | **强烈看多** |
| 文娱用品 | 0.026 | -0.40 | -0.067 | -0.040 | -0.025 | -0.013 | -0.002 | 0.014 | 0.055 | **强烈看多** |
| 房地产开发 | 0.026 | 0.18 | -0.054 | -0.031 | -0.017 | -0.004 | 0.005 | 0.011 | 0.049 | **强烈看多** |
| 广告营销 | 0.025 | 0.04 | -0.232 | -0.066 | -0.034 | -0.013 | 0.004 | 0.023 | 0.070 | **强烈看多** |
| 国有大型银行Ⅱ | 0.022 | 0.02 | -0.055 | -0.034 | -0.020 | -0.011 | -0.003 | 0.006 | 0.030 | **强烈看多** |
| 地面兵装Ⅱ | 0.021 | -2.03 | -0.323 | -0.066 | -0.022 | -0.003 | 0.010 | 0.029 | 0.117 | **看多** |
| 工业金属 | 0.021 | -2.53 | -0.460 | -0.113 | -0.043 | -0.013 | 0.006 | 0.025 | 0.059 | **看多** |
| 电视广播Ⅱ | 0.020 | -0.72 | -0.308 | -0.041 | -0.025 | -0.001 | 0.016 | 0.044 | 0.176 | **看多** |
| 数字媒体 | 0.018 | -0.75 | -0.401 | -0.063 | -0.020 | -0.007 | 0.012 | 0.026 | 0.184 | **看多** |
| 工程咨询服务Ⅱ | 0.011 | -0.07 | -0.057 | -0.041 | -0.026 | -0.013 | 0.001 | 0.019 | 0.070 | **看多** |
| 小家电 | 0.010 | 1.58 | -0.058 | -0.031 | -0.021 | -0.009 | 0.000 | 0.013 | 0.047 | **看多** |
| 养殖业 | 0.010 | -1.74 | -0.089 | -0.035 | -0.023 | -0.011 | 0.004 | 0.017 | 0.053 | **看多** |
| 电机Ⅱ | 0.009 | -1.81 | -0.138 | -0.045 | -0.019 | -0.005 | 0.008 | 0.020 | 0.062 | **看多** |
| 其他电子Ⅱ | 0.009 | -2.09 | -0.100 | -0.069 | -0.046 | -0.020 | 0.003 | 0.018 | 0.071 | **看多** |
| 综合Ⅱ | 0.009 | -0.30 | -0.254 | -0.147 | -0.055 | -0.025 | 0.000 | 0.017 | 0.208 | **看多** |
| 通用设备 | 0.008 | -1.85 | -0.073 | -0.043 | -0.029 | -0.017 | -0.001 | 0.012 | 0.034 | **看多** |
| 通信服务 | 0.007 | 1.31 | -0.102 | -0.051 | -0.029 | -0.017 | -0.006 | 0.003 | 0.033 | **强烈看多** |
| 专业服务 | 0.006 | 0.24 | -0.085 | -0.045 | -0.027 | -0.012 | -0.003 | 0.010 | 0.036 | **看多** |
| 半导体 | 0.006 | -1.35 | -0.094 | -0.054 | -0.035 | -0.013 | 0.005 | 0.023 | 0.042 | **看多** |
| 金属新材料 | 0.004 | -2.15 | -0.125 | -0.065 | -0.045 | -0.018 | -0.002 | 0.010 | 0.038 | **看多** |
| 软件开发 | 0.004 | -1.24 | -0.167 | -0.035 | -0.021 | -0.006 | 0.005 | 0.017 | 0.047 | **中性偏多** |
| 服装家纺 | 0.004 | -0.14 | -0.063 | -0.028 | -0.017 | -0.009 | 0.001 | 0.010 | 0.028 | **看多** |
| 调味发酵品Ⅱ | 0.004 | 1.01 | -0.070 | -0.030 | -0.014 | -0.005 | 0.003 | 0.012 | 0.025 | **看多** |
| 农化制品 | 0.004 | -0.59 | -0.103 | -0.058 | -0.039 | -0.016 | -0.004 | 0.009 | 0.057 | **看多** |
| 计算机设备 | 0.003 | -1.24 | -0.080 | -0.033 | -0.023 | -0.008 | 0.002 | 0.008 | 0.039 | **看多** |
| 房地产服务 | 0.003 | -0.70 | -0.061 | -0.032 | -0.022 | -0.008 | 0.004 | 0.023 | 0.085 | **中性偏多** |
| 军工电子Ⅱ | 0.003 | -2.07 | -0.159 | -0.077 | -0.038 | -0.017 | -0.004 | 0.013 | 0.043 | **看多** |
| 食品加工 | 0.002 | 0.27 | -0.059 | -0.026 | -0.014 | -0.006 | 0.002 | 0.009 | 0.026 | **中性偏多** |
| 贵金属 | -0.000 | -5.33 | -0.988 | -0.101 | -0.037 | -0.015 | 0.007 | 0.029 | 0.103 | **中性偏多** |
| 动物保健Ⅱ | -0.000 | -1.09 | -0.146 | -0.065 | -0.038 | -0.007 | 0.004 | 0.014 | 0.034 | **中性偏多** |
| 乘用车 | -0.001 | 0.23 | -0.067 | -0.031 | -0.021 | -0.007 | 0.000 | 0.008 | 0.046 | **中性偏多** |
| 光伏设备 | -0.002 | -0.57 | -0.159 | -0.080 | -0.049 | -0.023 | -0.000 | 0.025 | 0.124 | **中性偏多** |
| 休闲食品 | -0.002 | 0.19 | -0.056 | -0.028 | -0.015 | -0.006 | -0.000 | 0.006 | 0.043 | **中性偏多** |
| 医疗服务 | -0.002 | -1.35 | -0.095 | -0.040 | -0.025 | -0.006 | 0.004 | 0.013 | 0.043 | **中性偏多** |
| 环境治理 | -0.002 | -0.00 | -0.063 | -0.031 | -0.023 | -0.012 | -0.005 | 0.002 | 0.019 | **看多** |
| 自动化设备 | -0.003 | -2.44 | -0.107 | -0.063 | -0.042 | -0.022 | -0.003 | 0.012 | 0.031 | **看多** |
| 普钢 | -0.003 | -2.69 | -0.070 | -0.036 | -0.024 | -0.011 | -0.003 | 0.009 | 0.081 | **中性偏多** |
| 小金属 | -0.003 | -4.33 | -0.230 | -0.116 | -0.067 | -0.025 | 0.000 | 0.026 | 0.165 | **中性偏多** |
| 基础建设 | -0.004 | 0.32 | -0.108 | -0.040 | -0.026 | -0.012 | -0.006 | 0.007 | 0.043 | **看多** |
| 证券Ⅱ | -0.004 | -0.92 | -0.066 | -0.031 | -0.016 | -0.009 | -0.002 | 0.009 | 0.026 | **中性偏多** |
| 航空机场 | -0.004 | -0.41 | -0.071 | -0.029 | -0.016 | -0.008 | 0.001 | 0.009 | 0.051 | **中性偏多** |
| 个护用品 | -0.004 | -1.83 | -0.063 | -0.043 | -0.029 | -0.015 | 0.003 | 0.020 | 0.092 | **中性偏多** |
| 饮料乳品 | -0.004 | 0.04 | -0.071 | -0.030 | -0.019 | -0.011 | -0.005 | 0.003 | 0.032 | **看多** |
| 农业综合Ⅱ | -0.005 | -0.41 | -0.055 | -0.032 | -0.014 | -0.002 | 0.007 | 0.019 | 0.067 | **中性** |
| 化妆品 | -0.005 | 0.20 | -0.065 | -0.027 | -0.013 | -0.007 | 0.004 | 0.014 | 0.041 | **中性偏多** |
| 汽车零部件 | -0.006 | -1.61 | -0.087 | -0.043 | -0.029 | -0.016 | -0.003 | 0.008 | 0.028 | **中性偏多** |
| 航空装备Ⅱ | -0.007 | 0.04 | -0.099 | -0.064 | -0.031 | -0.013 | 0.004 | 0.016 | 0.062 | **中性偏多** |
| 白酒Ⅱ | -0.007 | 2.82 | -0.082 | -0.023 | -0.014 | -0.006 | 0.003 | 0.011 | 0.055 | **中性** |
| 股份制银行Ⅱ | -0.007 | 0.12 | -0.049 | -0.030 | -0.017 | -0.008 | -0.000 | 0.004 | 0.014 | **中性偏多** |
| 城商行Ⅱ | -0.007 | 1.92 | -0.045 | -0.028 | -0.013 | -0.006 | 0.005 | 0.013 | 0.036 | **中性** |
| 教育 | -0.007 | -0.39 | -0.157 | -0.037 | -0.024 | -0.008 | 0.004 | 0.023 | 0.059 | **中性偏多** |
| 白色家电 | -0.007 | 0.25 | -0.076 | -0.039 | -0.019 | -0.011 | -0.004 | 0.006 | 0.017 | **中性偏多** |
| 化学纤维 | -0.007 | -1.43 | -0.112 | -0.072 | -0.040 | -0.020 | -0.002 | 0.016 | 0.059 | **中性偏多** |
| 工程机械 | -0.007 | -1.19 | -0.050 | -0.029 | -0.019 | -0.005 | 0.005 | 0.015 | 0.045 | **中性** |
| 水泥 | -0.007 | 0.06 | -0.059 | -0.024 | -0.017 | -0.007 | 0.002 | 0.015 | 0.052 | **中性偏多** |
| 医药商业 | -0.008 | 0.57 | -0.071 | -0.040 | -0.021 | -0.009 | 0.000 | 0.014 | 0.059 | **中性偏多** |
| 化学制药 | -0.008 | -1.10 | -0.057 | -0.028 | -0.022 | -0.010 | -0.002 | 0.005 | 0.026 | **中性偏多** |
| 风电设备 | -0.008 | -2.06 | -0.353 | -0.087 | -0.050 | -0.020 | 0.001 | 0.027 | 0.144 | **中性偏多** |
| 影视院线 | -0.008 | 0.98 | -0.439 | -0.091 | -0.028 | -0.007 | 0.014 | 0.044 | 0.187 | **中性** |
| 专业工程 | -0.008 | -1.58 | -0.096 | -0.044 | -0.030 | -0.009 | 0.004 | 0.027 | 0.072 | **中性偏多** |
| 保险Ⅱ | -0.009 | -0.61 | -0.078 | -0.030 | -0.016 | -0.007 | 0.003 | 0.013 | 0.039 | **中性** |
| 旅游零售Ⅱ | -0.009 | -0.53 | -0.286 | -0.052 | -0.018 | -0.003 | 0.017 | 0.034 | 0.093 | **中性** |
| 农商行Ⅱ | -0.009 | 1.28 | -0.050 | -0.029 | -0.018 | -0.007 | -0.002 | 0.006 | 0.020 | **中性** |
| 渔业 | -0.009 | -0.65 | -0.106 | -0.035 | -0.017 | -0.010 | 0.004 | 0.012 | 0.122 | **中性偏多** |
| 家电零部件Ⅱ | -0.010 | -1.32 | -0.184 | -0.049 | -0.028 | -0.012 | -0.002 | 0.022 | 0.095 | **中性偏多** |
| 塑料 | -0.011 | -2.35 | -0.089 | -0.062 | -0.037 | -0.021 | -0.001 | 0.015 | 0.085 | **中性偏多** |
| IT服务Ⅱ | -0.011 | -1.59 | -0.164 | -0.055 | -0.029 | -0.013 | 0.001 | 0.017 | 0.076 | **中性偏多** |
| 医疗器械 | -0.011 | -1.15 | -0.070 | -0.031 | -0.020 | -0.011 | -0.004 | 0.000 | 0.023 | **中性** |
| 电池 | -0.013 | -1.79 | -0.110 | -0.046 | -0.032 | -0.016 | -0.004 | 0.015 | 0.067 | **中性偏多** |
| 铁路公路 | -0.013 | 0.17 | -0.038 | -0.024 | -0.015 | -0.008 | -0.000 | 0.006 | 0.025 | **中性** |
| 光学光电子 | -0.013 | -2.94 | -0.090 | -0.049 | -0.032 | -0.016 | 0.001 | 0.023 | 0.123 | **中性偏多** |
| 贸易Ⅱ | -0.014 | -0.96 | -0.155 | -0.055 | -0.032 | -0.011 | 0.005 | 0.059 | 0.214 | **中性** |
| 化学制品 | -0.014 | -0.73 | -0.066 | -0.043 | -0.031 | -0.016 | -0.007 | 0.005 | 0.026 | **中性偏多** |
| 商用车 | -0.014 | 0.50 | -0.080 | -0.043 | -0.020 | -0.011 | -0.003 | 0.013 | 0.123 | **中性** |
| 其他家电Ⅱ | -0.015 | -0.78 | -0.069 | -0.041 | -0.014 | -0.002 | 0.006 | 0.024 | 0.095 | **中性偏空** |
| 游戏Ⅱ | -0.015 | -0.79 | -0.158 | -0.062 | -0.026 | -0.008 | 0.011 | 0.024 | 0.063 | **中性** |
| 纺织制造 | -0.015 | -1.22 | -0.065 | -0.040 | -0.027 | -0.013 | -0.003 | 0.008 | 0.021 | **中性** |
| 非白酒 | -0.016 | 0.79 | -0.044 | -0.031 | -0.017 | -0.006 | -0.001 | 0.008 | 0.029 | **中性** |
| 中药Ⅱ | -0.017 | -0.60 | -0.052 | -0.031 | -0.020 | -0.012 | -0.005 | -0.000 | 0.016 | **中性** |
| 多元金融 | -0.017 | -0.78 | -0.116 | -0.048 | -0.026 | -0.013 | -0.004 | 0.010 | 0.088 | **中性** |
| 消费电子 | -0.018 | -1.55 | -0.120 | -0.052 | -0.037 | -0.016 | -0.002 | 0.018 | 0.049 | **中性** |
| 生物制品 | -0.018 | -2.27 | -0.090 | -0.043 | -0.026 | -0.013 | -0.006 | 0.002 | 0.038 | **中性** |
| 轨交设备Ⅱ | -0.018 | -0.57 | -0.074 | -0.031 | -0.023 | -0.012 | -0.002 | 0.006 | 0.031 | **中性** |
| 出版 | -0.019 | -0.26 | -0.123 | -0.036 | -0.024 | -0.011 | -0.004 | 0.009 | 0.026 | **中性** |
| 互联网电商 | -0.020 | 0.10 | -0.219 | -0.056 | -0.028 | -0.008 | 0.003 | 0.019 | 0.052 | **中性** |
| 厨卫电器 | -0.020 | -1.44 | -0.107 | -0.043 | -0.024 | -0.014 | -0.001 | 0.011 | 0.087 | **中性** |
| 非金属材料Ⅱ | -0.021 | -3.82 | -0.131 | -0.086 | -0.046 | -0.017 | 0.007 | 0.038 | 0.131 | **中性** |
| 其他电源设备Ⅱ | -0.021 | -0.50 | -0.112 | -0.073 | -0.044 | -0.017 | 0.008 | 0.028 | 0.119 | **中性** |
| 家居用品 | -0.022 | -1.05 | -0.057 | -0.032 | -0.022 | -0.014 | -0.005 | 0.011 | 0.038 | **中性** |
| 酒店餐饮 | -0.022 | 0.60 | -0.074 | -0.037 | -0.022 | -0.007 | 0.005 | 0.015 | 0.034 | **中性偏空** |
| 电网设备 | -0.022 | -1.32 | -0.100 | -0.064 | -0.036 | -0.016 | -0.003 | 0.014 | 0.045 | **中性** |
| 玻璃玻纤 | -0.022 | -0.74 | -0.189 | -0.109 | -0.070 | -0.030 | 0.002 | 0.034 | 0.345 | **中性偏多** |
| 医疗美容 | -0.023 | 1.63 | -0.055 | -0.029 | -0.014 | -0.003 | 0.006 | 0.024 | 0.060 | **中性偏空** |
| 煤炭开采 | -0.025 | 2.74 | -0.145 | -0.064 | -0.029 | -0.016 | -0.006 | 0.005 | 0.109 | **中性** |
| 房屋建设Ⅱ | -0.026 | 1.16 | -0.052 | -0.034 | -0.022 | -0.011 | -0.003 | 0.005 | 0.058 | **中性偏空** |
| 农产品加工 | -0.028 | 0.38 | -0.076 | -0.039 | -0.019 | -0.011 | -0.002 | 0.011 | 0.031 | **中性偏空** |
| 物流 | -0.028 | -1.04 | -0.045 | -0.028 | -0.017 | -0.010 | -0.002 | 0.006 | 0.051 | **中性偏空** |
| 旅游及景区 | -0.029 | 0.06 | -0.060 | -0.035 | -0.025 | -0.012 | 0.001 | 0.013 | 0.091 | **中性偏空** |
| 电力 | -0.031 | 2.04 | -0.065 | -0.036 | -0.026 | -0.013 | -0.006 | 0.003 | 0.033 | **中性偏空** |
| 专用设备 | -0.031 | -1.62 | -0.088 | -0.062 | -0.042 | -0.022 | -0.009 | 0.014 | 0.059 | **中性** |
| 造纸 | -0.031 | -0.65 | -0.139 | -0.038 | -0.022 | -0.011 | 0.000 | 0.014 | 0.066 | **中性偏空** |
| 油服工程 | -0.032 | 2.52 | -0.222 | -0.095 | -0.055 | -0.018 | -0.004 | 0.013 | 0.595 | **中性** |
| 饰品 | -0.032 | -1.09 | -0.299 | -0.069 | -0.033 | -0.014 | -0.001 | 0.014 | 0.159 | **中性** |
| 燃气Ⅱ | -0.032 | 0.50 | -0.147 | -0.055 | -0.033 | -0.020 | -0.005 | 0.009 | 0.087 | **中性** |
| 油气开采Ⅱ | -0.033 | 3.45 | -0.335 | -0.101 | -0.060 | -0.019 | 0.002 | 0.023 | 0.584 | **中性** |
| 特钢Ⅱ | -0.034 | -0.78 | -0.092 | -0.033 | -0.020 | -0.006 | 0.004 | 0.022 | 0.048 | **看空** |
| 航运港口 | -0.035 | -0.54 | -0.118 | -0.051 | -0.028 | -0.016 | -0.007 | 0.007 | 0.099 | **中性偏空** |
| 冶钢原料 | -0.035 | -1.86 | -0.116 | -0.077 | -0.050 | -0.018 | 0.010 | 0.033 | 0.178 | **中性** |
| 照明设备Ⅱ | -0.036 | -0.78 | -0.127 | -0.074 | -0.031 | -0.011 | 0.005 | 0.016 | 0.117 | **中性偏空** |
| 电子化学品Ⅱ | -0.037 | 0.04 | -0.167 | -0.080 | -0.048 | -0.021 | -0.002 | 0.017 | 0.068 | **中性** |
| 炼化及贸易 | -0.039 | 0.92 | -0.182 | -0.070 | -0.041 | -0.021 | -0.006 | 0.008 | 0.295 | **中性** |
| 种植业 | -0.039 | 0.75 | -0.129 | -0.057 | -0.021 | -0.008 | 0.002 | 0.022 | 0.085 | **中性偏空** |
| 化学原料 | -0.048 | 0.41 | -0.137 | -0.095 | -0.052 | -0.024 | -0.008 | 0.010 | 0.084 | **中性** |
| 元件 | -0.057 | -2.07 | -0.110 | -0.071 | -0.047 | -0.019 | 0.004 | 0.018 | 0.085 | **中性偏空** |
| 包装印刷 | -0.059 | -0.76 | -0.115 | -0.069 | -0.046 | -0.014 | 0.017 | 0.061 | 0.118 | **中性偏空** |
| 航天装备Ⅱ | -0.064 | -0.28 | -0.624 | -0.192 | -0.080 | -0.024 | 0.003 | 0.037 | 0.360 | **中性** |
| 装修建材 | -0.069 | -1.52 | -0.069 | -0.044 | -0.019 | -0.009 | -0.000 | 0.017 | 0.071 | **看空** |
| 环保设备Ⅱ | -0.073 | -1.51 | -0.123 | -0.070 | -0.042 | -0.016 | -0.003 | 0.023 | 0.099 | **看空** |
| 通信设备 | -0.075 | -1.55 | -0.139 | -0.084 | -0.052 | -0.027 | -0.004 | 0.007 | 0.030 | **中性偏空** |
| 一般零售 | -0.076 | 0.25 | -0.065 | -0.039 | -0.024 | -0.012 | -0.001 | 0.011 | 0.076 | **强烈看空** |
| 航海装备Ⅱ | -0.094 | 2.73 | -0.060 | -0.028 | -0.018 | -0.006 | 0.008 | 0.023 | 0.074 | **强烈看空** |
| 汽车服务 | -0.111 | -2.02 | -0.114 | -0.029 | -0.013 | -0.003 | 0.005 | 0.013 | 0.070 | **看空** |
| 饲料 | -0.145 | -2.69 | -0.066 | -0.035 | -0.020 | -0.011 | -0.004 | 0.007 | 0.051 | **强烈看空** |
| 摩托车及其他 | -0.259 | -2.12 | -0.108 | -0.048 | -0.021 | -0.009 | -0.001 | 0.014 | 0.054 | **强烈看空** |

## 自定义行业

> 展示行业当前分数、今日板块平均涨幅和历史 q01-q99 阈值。

共 26 个行业，按当前分数从高到低排序。

| 行业名 | 当前分数 | 今日涨幅(%) | q01 | q10 | q25 | q50 | q75 | q90 | q99 | 买卖评级 |
| :-- | --: | --: | --: | --: | --: | --: | --: | --: | --: | :-- |
| 燃气轮机 | 0.072 | 2.05 | -0.103 | -0.068 | -0.042 | -0.027 | 0.003 | 0.019 | 0.081 | **强烈看多** |
| 低空经济 | 0.026 | -1.52 | -0.103 | -0.047 | -0.025 | -0.011 | -0.000 | 0.012 | 0.050 | **强烈看多** |
| Ai眼镜 | 0.010 | -1.05 | -0.057 | -0.031 | -0.020 | -0.008 | 0.004 | 0.018 | 0.050 | **看多** |
| 半导体 | 0.006 | -1.57 | -0.101 | -0.057 | -0.037 | -0.016 | 0.004 | 0.013 | 0.035 | **看多** |
| 光伏 | 0.004 | -0.68 | -0.118 | -0.074 | -0.048 | -0.020 | -0.001 | 0.018 | 0.121 | **看多** |
| 金融券商 | -0.001 | -1.38 | -0.073 | -0.033 | -0.017 | -0.008 | 0.001 | 0.011 | 0.026 | **中性偏多** |
| 算力租赁 | -0.001 | 0.27 | -0.171 | -0.084 | -0.040 | -0.022 | -0.002 | 0.007 | 0.042 | **看多** |
| 大化工 | -0.003 | -0.49 | -0.103 | -0.052 | -0.035 | -0.015 | -0.004 | 0.012 | 0.031 | **看多** |
| 脑机接口 | -0.004 | -2.02 | -0.209 | -0.046 | -0.028 | -0.013 | 0.000 | 0.016 | 0.172 | **中性偏多** |
| 锂电 | -0.005 | -2.83 | -0.117 | -0.048 | -0.035 | -0.019 | -0.003 | 0.015 | 0.064 | **中性偏多** |
| 军工 | -0.007 | -0.53 | -0.122 | -0.056 | -0.030 | -0.016 | 0.003 | 0.018 | 0.044 | **中性偏多** |
| 人形机器人 | -0.008 | -2.00 | -0.104 | -0.040 | -0.026 | -0.011 | -0.001 | 0.013 | 0.036 | **中性偏多** |
| 氢能源 | -0.013 | 1.49 | -0.132 | -0.069 | -0.038 | -0.018 | -0.003 | 0.007 | 0.120 | **中性偏多** |
| 存储 | -0.018 | -0.77 | -0.136 | -0.090 | -0.053 | -0.025 | 0.010 | 0.057 | 0.203 | **中性偏多** |
| 光刻机 | -0.018 | -0.79 | -0.115 | -0.064 | -0.042 | -0.022 | -0.007 | 0.015 | 0.077 | **中性偏多** |
| 液冷 | -0.021 | -1.50 | -0.135 | -0.084 | -0.055 | -0.029 | -0.009 | 0.009 | 0.081 | **中性偏多** |
| 电力及设备 | -0.029 | 0.65 | -0.074 | -0.043 | -0.029 | -0.015 | -0.007 | 0.005 | 0.019 | **中性** |
| 核聚变 | -0.030 | -1.46 | -0.099 | -0.061 | -0.043 | -0.020 | 0.001 | 0.016 | 0.053 | **中性** |
| 钠电池 | -0.030 | -2.20 | -0.099 | -0.057 | -0.034 | -0.017 | -0.003 | 0.015 | 0.075 | **中性** |
| Ai电源 | -0.034 | -0.55 | -0.117 | -0.074 | -0.039 | -0.016 | 0.006 | 0.022 | 0.065 | **中性** |
| 油气油运 | -0.040 | 1.38 | -0.195 | -0.067 | -0.043 | -0.021 | -0.010 | 0.009 | 0.327 | **中性** |
| 固态 | -0.041 | -0.84 | -0.126 | -0.058 | -0.035 | -0.014 | -0.002 | 0.010 | 0.082 | **中性偏空** |
| 商业航天 | -0.044 | -2.07 | -0.255 | -0.104 | -0.050 | -0.028 | -0.002 | 0.022 | 0.058 | **中性** |
| 深海经济 | -0.047 | 0.83 | -0.096 | -0.063 | -0.029 | -0.013 | 0.009 | 0.028 | 0.100 | **中性偏空** |
| pcb | -0.052 | -2.42 | -0.118 | -0.086 | -0.055 | -0.032 | 0.003 | 0.013 | 0.076 | **中性** |
| 光模块 | -0.060 | -2.63 | -0.171 | -0.085 | -0.058 | -0.028 | -0.002 | 0.010 | 0.044 | **中性偏空** |

---

### 评级说明

- `极致看多`：当前分数 >= 历史 q99
- `强烈看多`：当前分数 >= 历史 q90
- `看多`：当前分数 >= 历史 q75
- `中性偏多`：当前分数 >= 历史 q50
- `中性`：当前分数 >= 历史 q25
- `中性偏空`：当前分数 >= 历史 q10
- `看空`：当前分数 >= 历史 q01
- `强烈看空`：当前分数 < 历史 q01
