# 行业趋势日报 | 2026-04-30

> 说明：展示申万一级、申万二级和自定义行业的当日行业分数、历史 q01-q99 阈值，以及基于历史分位位置计算的当前买卖评级。
> 生成时间：2026-04-30 17:49:10

---

## 大盘

> 展示全市场当日分数与历史 q01-q99 阈值。

| 对象 | 当前分数 | q01 | q10 | q25 | q50 | q75 | q90 | q99 | 买卖评级 |
| :-- | --: | --: | --: | --: | --: | --: | --: | --: | :-- |
| 全市场 | -0.013 | -0.060 | -0.037 | -0.023 | -0.017 | -0.006 | 0.000 | 0.012 | **中性偏多** |

## 申万一级行业

> 展示行业当前分数、今日板块平均涨幅和历史 q01-q99 阈值。

共 31 个行业，按当前分数从高到低排序。

| 行业名 | 当前分数 | 今日涨幅(%) | q01 | q10 | q25 | q50 | q75 | q90 | q99 | 买卖评级 |
| :-- | --: | --: | --: | --: | --: | --: | --: | --: | --: | :-- |
| 电力设备 | 0.004 | -0.30 | -0.081 | -0.048 | -0.033 | -0.019 | -0.003 | 0.017 | 0.044 | **看多** |
| 家用电器 | 0.004 | 0.53 | -0.069 | -0.039 | -0.021 | -0.011 | -0.002 | 0.008 | 0.044 | **看多** |
| 基础化工 | 0.002 | -0.41 | -0.068 | -0.049 | -0.033 | -0.018 | -0.012 | 0.004 | 0.017 | **看多** |
| 传媒 | 0.000 | -0.18 | -0.156 | -0.059 | -0.028 | -0.009 | 0.000 | 0.017 | 0.045 | **看多** |
| 汽车 | -0.002 | 0.44 | -0.062 | -0.035 | -0.023 | -0.015 | -0.002 | 0.003 | 0.029 | **看多** |
| 有色金属 | -0.005 | 0.06 | -0.438 | -0.101 | -0.048 | -0.013 | 0.005 | 0.020 | 0.059 | **中性偏多** |
| 银行 | -0.008 | -0.63 | -0.044 | -0.033 | -0.017 | -0.008 | -0.000 | 0.006 | 0.020 | **中性偏多** |
| 国防军工 | -0.009 | 1.45 | -0.152 | -0.066 | -0.029 | -0.016 | 0.000 | 0.015 | 0.033 | **中性偏多** |
| 公用事业 | -0.009 | -1.45 | -0.059 | -0.037 | -0.023 | -0.013 | -0.006 | 0.003 | 0.028 | **中性偏多** |
| 煤炭 | -0.009 | 0.07 | -0.144 | -0.061 | -0.029 | -0.015 | -0.005 | 0.004 | 0.110 | **中性偏多** |
| 美容护理 | -0.009 | -0.45 | -0.047 | -0.023 | -0.017 | -0.007 | 0.004 | 0.015 | 0.037 | **中性** |
| 石油石化 | -0.010 | 0.14 | -0.185 | -0.068 | -0.042 | -0.019 | -0.008 | 0.009 | 0.334 | **中性偏多** |
| 综合 | -0.010 | 0.35 | -0.252 | -0.142 | -0.054 | -0.023 | -0.000 | 0.021 | 0.202 | **中性偏多** |
| 农林牧渔 | -0.011 | 0.06 | -0.063 | -0.032 | -0.021 | -0.011 | 0.000 | 0.007 | 0.025 | **中性偏多** |
| 社会服务 | -0.012 | -0.40 | -0.068 | -0.033 | -0.022 | -0.012 | 0.000 | 0.006 | 0.022 | **中性偏多** |
| 食品饮料 | -0.012 | -0.06 | -0.069 | -0.022 | -0.014 | -0.008 | 0.001 | 0.008 | 0.031 | **中性** |
| 通信 | -0.013 | -0.19 | -0.103 | -0.073 | -0.047 | -0.022 | -0.007 | 0.004 | 0.019 | **中性偏多** |
| 医药生物 | -0.013 | -0.24 | -0.060 | -0.030 | -0.021 | -0.010 | -0.005 | 0.002 | 0.030 | **中性** |
| 环保 | -0.015 | -0.08 | -0.062 | -0.035 | -0.023 | -0.013 | -0.005 | 0.004 | 0.019 | **中性** |
| 房地产 | -0.016 | 0.31 | -0.051 | -0.030 | -0.017 | -0.005 | 0.004 | 0.016 | 0.038 | **中性** |
| 商贸零售 | -0.016 | 0.01 | -0.076 | -0.043 | -0.022 | -0.010 | 0.002 | 0.016 | 0.062 | **中性** |
| 纺织服饰 | -0.019 | 0.45 | -0.070 | -0.040 | -0.024 | -0.012 | -0.004 | 0.004 | 0.048 | **中性** |
| 交通运输 | -0.020 | -0.36 | -0.058 | -0.030 | -0.017 | -0.011 | -0.004 | 0.006 | 0.042 | **中性偏空** |
| 机械设备 | -0.021 | 0.82 | -0.067 | -0.044 | -0.030 | -0.017 | -0.004 | 0.009 | 0.026 | **中性** |
| 钢铁 | -0.023 | -1.11 | -0.078 | -0.039 | -0.023 | -0.013 | -0.001 | 0.014 | 0.096 | **中性** |
| 建筑装饰 | -0.023 | -0.04 | -0.064 | -0.030 | -0.022 | -0.013 | -0.004 | 0.005 | 0.021 | **中性偏空** |
| 非银金融 | -0.027 | 0.16 | -0.068 | -0.027 | -0.017 | -0.009 | -0.002 | 0.003 | 0.019 | **中性偏空** |
| 电子 | -0.028 | 0.91 | -0.089 | -0.055 | -0.035 | -0.020 | -0.000 | 0.012 | 0.046 | **中性** |
| 计算机 | -0.031 | 0.31 | -0.139 | -0.035 | -0.024 | -0.010 | 0.000 | 0.010 | 0.025 | **中性偏空** |
| 轻工制造 | -0.032 | 0.47 | -0.061 | -0.033 | -0.027 | -0.014 | 0.002 | 0.012 | 0.036 | **中性偏空** |
| 建筑材料 | -0.052 | -0.59 | -0.082 | -0.057 | -0.041 | -0.019 | 0.000 | 0.021 | 0.153 | **中性偏空** |

## 申万二级行业

> 展示行业当前分数、今日板块平均涨幅和历史 q01-q99 阈值。

共 128 个行业，按当前分数从高到低排序。

| 行业名 | 当前分数 | 今日涨幅(%) | q01 | q10 | q25 | q50 | q75 | q90 | q99 | 买卖评级 |
| :-- | --: | --: | --: | --: | --: | --: | --: | --: | --: | :-- |
| 文娱用品 | 0.064 | 2.17 | -0.065 | -0.037 | -0.025 | -0.013 | -0.000 | 0.018 | 0.064 | **极致看多** |
| 航海装备Ⅱ | 0.059 | 0.71 | -0.058 | -0.034 | -0.019 | -0.006 | 0.008 | 0.024 | 0.073 | **强烈看多** |
| 能源金属 | 0.042 | 2.72 | -0.108 | -0.059 | -0.045 | -0.018 | 0.002 | 0.025 | 0.064 | **强烈看多** |
| 消费电子 | 0.031 | 0.60 | -0.119 | -0.052 | -0.038 | -0.016 | 0.001 | 0.020 | 0.050 | **强烈看多** |
| 农化制品 | 0.025 | -0.92 | -0.103 | -0.057 | -0.038 | -0.016 | -0.002 | 0.015 | 0.055 | **强烈看多** |
| 商用车 | 0.024 | -2.08 | -0.075 | -0.043 | -0.019 | -0.011 | -0.003 | 0.013 | 0.112 | **强烈看多** |
| 化学原料 | 0.022 | -0.67 | -0.136 | -0.091 | -0.048 | -0.022 | -0.009 | 0.011 | 0.077 | **强烈看多** |
| 白色家电 | 0.021 | -0.14 | -0.071 | -0.038 | -0.018 | -0.010 | -0.001 | 0.007 | 0.021 | **极致看多** |
| 电池 | 0.014 | -1.55 | -0.108 | -0.046 | -0.030 | -0.017 | -0.003 | 0.016 | 0.066 | **看多** |
| 通信服务 | 0.014 | -0.38 | -0.101 | -0.050 | -0.028 | -0.017 | -0.004 | 0.006 | 0.029 | **强烈看多** |
| 出版 | 0.011 | 0.26 | -0.120 | -0.034 | -0.024 | -0.011 | -0.002 | 0.010 | 0.022 | **强烈看多** |
| 饲料 | 0.010 | 0.05 | -0.062 | -0.035 | -0.020 | -0.011 | -0.003 | 0.008 | 0.046 | **强烈看多** |
| 装修建材 | 0.008 | -0.11 | -0.082 | -0.050 | -0.020 | -0.009 | -0.001 | 0.016 | 0.069 | **看多** |
| 专业连锁Ⅱ | 0.007 | 0.28 | -0.142 | -0.043 | -0.022 | -0.004 | 0.009 | 0.022 | 0.047 | **中性偏多** |
| 包装印刷 | 0.006 | 0.98 | -0.115 | -0.069 | -0.044 | -0.012 | 0.019 | 0.060 | 0.116 | **中性偏多** |
| 化妆品 | 0.006 | 0.11 | -0.064 | -0.028 | -0.014 | -0.007 | 0.005 | 0.017 | 0.044 | **看多** |
| 休闲食品 | 0.006 | 0.17 | -0.082 | -0.030 | -0.015 | -0.006 | 0.000 | 0.010 | 0.073 | **看多** |
| 服装家纺 | 0.005 | 1.52 | -0.062 | -0.028 | -0.017 | -0.007 | 0.003 | 0.010 | 0.028 | **看多** |
| 农商行Ⅱ | 0.004 | -0.70 | -0.041 | -0.028 | -0.018 | -0.006 | 0.001 | 0.008 | 0.022 | **看多** |
| 光伏设备 | 0.004 | 0.23 | -0.114 | -0.074 | -0.048 | -0.022 | -0.000 | 0.025 | 0.121 | **看多** |
| 城商行Ⅱ | 0.004 | -0.35 | -0.041 | -0.026 | -0.012 | -0.005 | 0.005 | 0.015 | 0.033 | **中性偏多** |
| 游戏Ⅱ | 0.003 | -0.78 | -0.155 | -0.062 | -0.025 | -0.007 | 0.009 | 0.026 | 0.063 | **中性偏多** |
| 造纸 | 0.003 | -0.02 | -0.138 | -0.036 | -0.022 | -0.011 | 0.001 | 0.014 | 0.063 | **看多** |
| 教育 | 0.003 | 1.14 | -0.148 | -0.036 | -0.025 | -0.010 | 0.004 | 0.028 | 0.055 | **中性偏多** |
| 特钢Ⅱ | 0.002 | -0.13 | -0.087 | -0.034 | -0.022 | -0.006 | 0.004 | 0.025 | 0.046 | **中性偏多** |
| 装修装饰Ⅱ | 0.001 | 3.01 | -0.111 | -0.058 | -0.031 | -0.009 | 0.007 | 0.042 | 0.150 | **中性偏多** |
| 专业服务 | 0.000 | 0.50 | -0.083 | -0.045 | -0.027 | -0.011 | -0.000 | 0.011 | 0.033 | **看多** |
| 摩托车及其他 | -0.000 | 0.42 | -0.099 | -0.046 | -0.021 | -0.008 | 0.002 | 0.015 | 0.053 | **中性偏多** |
| 数字媒体 | -0.001 | -0.01 | -0.391 | -0.059 | -0.020 | -0.008 | 0.011 | 0.026 | 0.176 | **中性偏多** |
| 广告营销 | -0.002 | -0.28 | -0.229 | -0.066 | -0.035 | -0.013 | 0.007 | 0.025 | 0.067 | **中性偏多** |
| 白酒Ⅱ | -0.002 | -1.09 | -0.081 | -0.024 | -0.014 | -0.006 | 0.002 | 0.011 | 0.053 | **中性偏多** |
| 渔业 | -0.002 | 1.88 | -0.104 | -0.037 | -0.018 | -0.008 | 0.004 | 0.012 | 0.120 | **中性偏多** |
| 国有大型银行Ⅱ | -0.002 | -0.59 | -0.050 | -0.034 | -0.020 | -0.010 | -0.000 | 0.007 | 0.027 | **中性偏多** |
| 金属新材料 | -0.002 | 1.56 | -0.124 | -0.065 | -0.044 | -0.017 | -0.001 | 0.012 | 0.042 | **中性偏多** |
| 炼化及贸易 | -0.003 | 0.84 | -0.181 | -0.067 | -0.040 | -0.019 | -0.007 | 0.007 | 0.294 | **看多** |
| 小家电 | -0.003 | -0.75 | -0.057 | -0.034 | -0.022 | -0.009 | 0.001 | 0.016 | 0.045 | **中性偏多** |
| 电网设备 | -0.003 | -0.61 | -0.099 | -0.064 | -0.036 | -0.014 | -0.001 | 0.016 | 0.043 | **中性偏多** |
| 电机Ⅱ | -0.003 | 0.84 | -0.137 | -0.044 | -0.018 | -0.006 | 0.009 | 0.020 | 0.062 | **中性偏多** |
| 养殖业 | -0.003 | -0.05 | -0.079 | -0.034 | -0.024 | -0.011 | 0.004 | 0.016 | 0.050 | **中性偏多** |
| 汽车零部件 | -0.004 | 0.66 | -0.086 | -0.040 | -0.028 | -0.015 | -0.003 | 0.008 | 0.027 | **中性偏多** |
| 乘用车 | -0.004 | -1.09 | -0.068 | -0.032 | -0.020 | -0.007 | 0.001 | 0.008 | 0.045 | **中性偏多** |
| 化学制药 | -0.004 | -0.07 | -0.056 | -0.028 | -0.021 | -0.010 | -0.002 | 0.006 | 0.024 | **中性偏多** |
| 小金属 | -0.004 | 0.32 | -0.229 | -0.112 | -0.061 | -0.020 | 0.006 | 0.027 | 0.183 | **中性偏多** |
| 光学光电子 | -0.004 | 0.40 | -0.084 | -0.047 | -0.030 | -0.015 | 0.002 | 0.024 | 0.120 | **中性偏多** |
| 工程机械 | -0.004 | 0.22 | -0.050 | -0.029 | -0.020 | -0.005 | 0.005 | 0.013 | 0.044 | **中性偏多** |
| 油服工程 | -0.004 | -0.62 | -0.208 | -0.095 | -0.049 | -0.016 | -0.004 | 0.014 | 0.585 | **看多** |
| 生物制品 | -0.004 | -0.89 | -0.084 | -0.039 | -0.023 | -0.013 | -0.005 | 0.001 | 0.035 | **看多** |
| 医药商业 | -0.005 | -0.40 | -0.071 | -0.040 | -0.020 | -0.008 | 0.000 | 0.013 | 0.057 | **中性偏多** |
| 风电设备 | -0.005 | 0.78 | -0.347 | -0.086 | -0.046 | -0.019 | 0.001 | 0.024 | 0.136 | **中性偏多** |
| 地面兵装Ⅱ | -0.005 | -0.64 | -0.319 | -0.060 | -0.022 | -0.005 | 0.010 | 0.029 | 0.113 | **中性** |
| 房屋建设Ⅱ | -0.005 | 1.32 | -0.050 | -0.032 | -0.021 | -0.011 | -0.004 | 0.005 | 0.056 | **中性偏多** |
| 医疗器械 | -0.006 | 0.01 | -0.069 | -0.029 | -0.019 | -0.010 | -0.004 | 0.001 | 0.019 | **中性偏多** |
| 互联网电商 | -0.006 | -0.08 | -0.217 | -0.058 | -0.027 | -0.008 | 0.003 | 0.020 | 0.051 | **中性偏多** |
| 航空装备Ⅱ | -0.007 | 2.25 | -0.092 | -0.061 | -0.030 | -0.014 | 0.005 | 0.018 | 0.061 | **中性偏多** |
| 一般零售 | -0.008 | 0.41 | -0.065 | -0.038 | -0.022 | -0.011 | -0.000 | 0.010 | 0.076 | **中性偏多** |
| 个护用品 | -0.008 | -0.52 | -0.063 | -0.043 | -0.026 | -0.012 | 0.004 | 0.023 | 0.088 | **中性偏多** |
| 汽车服务 | -0.008 | 0.40 | -0.111 | -0.027 | -0.014 | -0.004 | 0.005 | 0.014 | 0.068 | **中性** |
| 软件开发 | -0.008 | 0.31 | -0.162 | -0.035 | -0.020 | -0.007 | 0.005 | 0.018 | 0.048 | **中性** |
| 通用设备 | -0.008 | 0.89 | -0.072 | -0.043 | -0.029 | -0.017 | -0.001 | 0.015 | 0.037 | **中性偏多** |
| 化学制品 | -0.008 | -0.44 | -0.066 | -0.042 | -0.030 | -0.015 | -0.007 | 0.006 | 0.033 | **中性偏多** |
| 证券Ⅱ | -0.008 | 0.60 | -0.066 | -0.031 | -0.016 | -0.008 | -0.003 | 0.009 | 0.021 | **中性偏多** |
| 电力 | -0.009 | -1.46 | -0.061 | -0.033 | -0.022 | -0.012 | -0.005 | 0.003 | 0.028 | **中性偏多** |
| 动物保健Ⅱ | -0.009 | 0.02 | -0.144 | -0.063 | -0.034 | -0.008 | 0.004 | 0.013 | 0.031 | **中性** |
| 煤炭开采 | -0.009 | 0.07 | -0.144 | -0.061 | -0.029 | -0.015 | -0.005 | 0.004 | 0.110 | **中性偏多** |
| 综合Ⅱ | -0.010 | 0.35 | -0.252 | -0.142 | -0.054 | -0.023 | -0.000 | 0.021 | 0.202 | **中性偏多** |
| 工业金属 | -0.010 | -0.97 | -0.458 | -0.113 | -0.040 | -0.013 | 0.006 | 0.027 | 0.060 | **中性偏多** |
| 环境治理 | -0.011 | -0.10 | -0.063 | -0.030 | -0.022 | -0.012 | -0.005 | 0.004 | 0.015 | **中性偏多** |
| 房地产服务 | -0.012 | 1.31 | -0.060 | -0.032 | -0.022 | -0.007 | 0.007 | 0.024 | 0.084 | **中性** |
| 物流 | -0.012 | -0.48 | -0.045 | -0.028 | -0.016 | -0.010 | -0.001 | 0.005 | 0.050 | **中性** |
| 农业综合Ⅱ | -0.013 | 0.39 | -0.074 | -0.032 | -0.014 | -0.003 | 0.007 | 0.020 | 0.062 | **中性** |
| 电视广播Ⅱ | -0.013 | -1.04 | -0.315 | -0.045 | -0.025 | -0.001 | 0.020 | 0.048 | 0.216 | **中性** |
| 其他家电Ⅱ | -0.013 | 0.13 | -0.139 | -0.048 | -0.015 | -0.003 | 0.007 | 0.025 | 0.131 | **中性** |
| 燃气Ⅱ | -0.014 | -1.39 | -0.145 | -0.054 | -0.032 | -0.020 | -0.005 | 0.009 | 0.085 | **中性偏多** |
| 冶钢原料 | -0.014 | -0.36 | -0.115 | -0.077 | -0.049 | -0.015 | 0.011 | 0.043 | 0.177 | **中性偏多** |
| 调味发酵品Ⅱ | -0.014 | -1.45 | -0.069 | -0.029 | -0.014 | -0.005 | 0.004 | 0.016 | 0.049 | **中性** |
| 食品加工 | -0.015 | 0.57 | -0.059 | -0.026 | -0.014 | -0.006 | 0.002 | 0.010 | 0.050 | **中性偏空** |
| 种植业 | -0.015 | 0.32 | -0.125 | -0.051 | -0.021 | -0.008 | 0.003 | 0.022 | 0.082 | **中性** |
| 化学纤维 | -0.015 | 0.60 | -0.110 | -0.071 | -0.036 | -0.019 | -0.002 | 0.025 | 0.063 | **中性偏多** |
| 其他电源设备Ⅱ | -0.016 | 1.36 | -0.112 | -0.073 | -0.042 | -0.013 | 0.009 | 0.029 | 0.122 | **中性** |
| 元件 | -0.016 | -0.82 | -0.109 | -0.070 | -0.047 | -0.019 | 0.004 | 0.019 | 0.077 | **中性偏多** |
| 旅游及景区 | -0.016 | -1.32 | -0.059 | -0.035 | -0.026 | -0.012 | 0.001 | 0.015 | 0.089 | **中性** |
| 房地产开发 | -0.017 | 0.03 | -0.054 | -0.031 | -0.018 | -0.005 | 0.004 | 0.014 | 0.048 | **中性** |
| 纺织制造 | -0.017 | 0.22 | -0.065 | -0.047 | -0.027 | -0.013 | -0.002 | 0.008 | 0.020 | **中性** |
| 铁路公路 | -0.018 | 0.11 | -0.038 | -0.023 | -0.015 | -0.007 | 0.000 | 0.006 | 0.021 | **中性偏空** |
| 专业工程 | -0.018 | -0.12 | -0.095 | -0.043 | -0.029 | -0.010 | 0.005 | 0.029 | 0.070 | **中性** |
| 家电零部件Ⅱ | -0.018 | 2.04 | -0.184 | -0.051 | -0.027 | -0.011 | -0.000 | 0.025 | 0.086 | **中性** |
| 橡胶 | -0.018 | -0.56 | -0.127 | -0.057 | -0.033 | -0.010 | 0.009 | 0.027 | 0.269 | **中性** |
| 影视院线 | -0.019 | -0.26 | -0.428 | -0.080 | -0.030 | -0.008 | 0.013 | 0.044 | 0.178 | **中性** |
| 照明设备Ⅱ | -0.020 | -1.21 | -0.127 | -0.073 | -0.028 | -0.011 | 0.004 | 0.016 | 0.117 | **中性** |
| 贵金属 | -0.020 | -1.03 | -0.957 | -0.096 | -0.036 | -0.014 | 0.007 | 0.031 | 0.101 | **中性** |
| 贸易Ⅱ | -0.021 | -1.78 | -0.155 | -0.055 | -0.027 | -0.012 | 0.005 | 0.048 | 0.213 | **中性** |
| 厨卫电器 | -0.022 | -0.33 | -0.106 | -0.042 | -0.025 | -0.014 | -0.000 | 0.010 | 0.084 | **中性** |
| 工程咨询服务Ⅱ | -0.022 | -0.19 | -0.057 | -0.041 | -0.025 | -0.011 | 0.004 | 0.021 | 0.067 | **中性** |
| 通信设备 | -0.022 | -0.13 | -0.139 | -0.083 | -0.048 | -0.025 | -0.004 | 0.008 | 0.027 | **中性偏多** |
| 航运港口 | -0.024 | -0.56 | -0.118 | -0.046 | -0.025 | -0.014 | -0.005 | 0.008 | 0.097 | **中性** |
| 医疗服务 | -0.024 | -0.61 | -0.091 | -0.040 | -0.025 | -0.006 | 0.004 | 0.016 | 0.095 | **中性** |
| 塑料 | -0.026 | -0.09 | -0.085 | -0.061 | -0.036 | -0.019 | -0.000 | 0.016 | 0.082 | **中性** |
| 水泥 | -0.026 | -0.51 | -0.058 | -0.024 | -0.018 | -0.008 | 0.003 | 0.015 | 0.049 | **看空** |
| 自动化设备 | -0.027 | 1.83 | -0.106 | -0.061 | -0.043 | -0.023 | -0.001 | 0.012 | 0.029 | **中性** |
| 黑色家电 | -0.029 | 0.86 | -0.135 | -0.066 | -0.033 | -0.013 | -0.000 | 0.018 | 0.428 | **中性** |
| 股份制银行Ⅱ | -0.031 | -1.11 | -0.048 | -0.031 | -0.018 | -0.008 | -0.000 | 0.004 | 0.011 | **中性偏空** |
| 专用设备 | -0.031 | 0.43 | -0.084 | -0.062 | -0.041 | -0.021 | -0.008 | 0.015 | 0.055 | **中性** |
| 非金属材料Ⅱ | -0.031 | -0.05 | -0.131 | -0.081 | -0.046 | -0.018 | 0.007 | 0.042 | 0.130 | **中性** |
| 医疗美容 | -0.033 | -2.79 | -0.038 | -0.029 | -0.014 | -0.003 | 0.006 | 0.023 | 0.057 | **看空** |
| IT服务Ⅱ | -0.033 | 0.01 | -0.163 | -0.053 | -0.031 | -0.014 | 0.001 | 0.024 | 0.075 | **中性偏空** |
| 多元金融 | -0.034 | -0.71 | -0.113 | -0.046 | -0.025 | -0.013 | -0.004 | 0.008 | 0.085 | **中性偏空** |
| 基础建设 | -0.034 | -1.18 | -0.106 | -0.040 | -0.025 | -0.012 | -0.005 | 0.009 | 0.040 | **中性偏空** |
| 环保设备Ⅱ | -0.035 | -0.01 | -0.121 | -0.066 | -0.041 | -0.016 | -0.001 | 0.025 | 0.128 | **中性** |
| 普钢 | -0.035 | -2.50 | -0.068 | -0.035 | -0.025 | -0.012 | -0.003 | 0.009 | 0.081 | **中性偏空** |
| 航空机场 | -0.035 | -0.81 | -0.070 | -0.029 | -0.016 | -0.008 | 0.002 | 0.009 | 0.053 | **看空** |
| 农产品加工 | -0.036 | -0.31 | -0.075 | -0.036 | -0.020 | -0.011 | -0.002 | 0.012 | 0.027 | **中性偏空** |
| 军工电子Ⅱ | -0.038 | 0.73 | -0.160 | -0.073 | -0.038 | -0.017 | -0.003 | 0.013 | 0.040 | **中性** |
| 航天装备Ⅱ | -0.039 | 2.48 | -0.624 | -0.181 | -0.077 | -0.023 | 0.004 | 0.050 | 0.359 | **中性** |
| 中药Ⅱ | -0.041 | -0.32 | -0.058 | -0.036 | -0.020 | -0.012 | -0.006 | -0.001 | 0.011 | **看空** |
| 饮料乳品 | -0.043 | 0.93 | -0.070 | -0.032 | -0.019 | -0.011 | -0.004 | 0.004 | 0.028 | **看空** |
| 电子化学品Ⅱ | -0.043 | 0.06 | -0.166 | -0.083 | -0.046 | -0.025 | -0.000 | 0.018 | 0.070 | **中性** |
| 旅游零售Ⅱ | -0.045 | -0.50 | -0.251 | -0.051 | -0.017 | -0.003 | 0.018 | 0.034 | 0.078 | **中性偏空** |
| 轨交设备Ⅱ | -0.049 | 0.78 | -0.074 | -0.032 | -0.023 | -0.011 | -0.002 | 0.007 | 0.028 | **看空** |
| 保险Ⅱ | -0.050 | -0.17 | -0.077 | -0.031 | -0.016 | -0.007 | 0.002 | 0.012 | 0.040 | **看空** |
| 计算机设备 | -0.051 | 0.70 | -0.079 | -0.034 | -0.024 | -0.008 | 0.002 | 0.009 | 0.035 | **看空** |
| 酒店餐饮 | -0.057 | -4.17 | -0.073 | -0.038 | -0.022 | -0.008 | 0.003 | 0.015 | 0.032 | **看空** |
| 其他电子Ⅱ | -0.061 | 1.30 | -0.098 | -0.065 | -0.046 | -0.019 | 0.003 | 0.023 | 0.076 | **中性偏空** |
| 饰品 | -0.078 | -2.31 | -0.291 | -0.075 | -0.033 | -0.016 | -0.000 | 0.015 | 0.155 | **看空** |
| 半导体 | -0.081 | 2.55 | -0.094 | -0.061 | -0.040 | -0.018 | 0.006 | 0.025 | 0.040 | **看空** |
| 家居用品 | -0.086 | -0.15 | -0.058 | -0.035 | -0.023 | -0.013 | -0.005 | 0.011 | 0.035 | **强烈看空** |
| 非白酒 | -0.103 | -0.10 | -0.081 | -0.033 | -0.018 | -0.007 | -0.000 | 0.009 | 0.026 | **强烈看空** |
| 玻璃玻纤 | -0.104 | -1.76 | -0.185 | -0.105 | -0.070 | -0.028 | 0.005 | 0.039 | 0.357 | **中性偏空** |
| 油气开采Ⅱ | -0.154 | -1.55 | -0.322 | -0.107 | -0.057 | -0.019 | 0.002 | 0.025 | 0.576 | **看空** |

## 自定义行业

> 展示行业当前分数、今日板块平均涨幅和历史 q01-q99 阈值。

共 12 个行业，按当前分数从高到低排序。

| 行业名 | 当前分数 | 今日涨幅(%) | q01 | q10 | q25 | q50 | q75 | q90 | q99 | 买卖评级 |
| :-- | --: | --: | --: | --: | --: | --: | --: | --: | --: | :-- |
| 锂矿 | 0.001 | -0.39 | -0.143 | -0.053 | -0.036 | -0.012 | 0.000 | 0.011 | 0.046 | **看多** |
| 液冷服务器 | -0.002 | 0.45 | -0.086 | -0.043 | -0.030 | -0.015 | -0.004 | 0.006 | 0.026 | **看多** |
| 通信设备 | -0.003 | -1.09 | -0.101 | -0.045 | -0.027 | -0.013 | 0.003 | 0.014 | 0.051 | **中性偏多** |
| CPO概念 | -0.003 | 0.49 | -0.125 | -0.068 | -0.044 | -0.024 | -0.004 | 0.006 | 0.023 | **看多** |
| 商业航天 | -0.007 | 0.80 | -0.115 | -0.056 | -0.032 | -0.017 | -0.007 | 0.010 | 0.029 | **中性偏多** |
| 复合铜箔 | -0.008 | -1.23 | -0.181 | -0.072 | -0.041 | -0.021 | -0.004 | 0.015 | 0.072 | **中性偏多** |
| PCB概念 | -0.023 | -0.14 | -0.123 | -0.081 | -0.052 | -0.027 | -0.002 | 0.016 | 0.077 | **中性偏多** |
| 光通信 | -0.025 | 0.47 | -0.064 | -0.038 | -0.027 | -0.014 | 0.001 | 0.015 | 0.056 | **中性** |
| 算力租赁 | -0.033 | -1.10 | -0.107 | -0.059 | -0.041 | -0.022 | -0.008 | 0.009 | 0.098 | **中性** |
| 氟概念 | -0.034 | -0.44 | -0.103 | -0.068 | -0.039 | -0.023 | -0.003 | 0.013 | 0.046 | **中性** |
| 存储芯片 | -0.036 | 2.70 | -0.149 | -0.070 | -0.049 | -0.022 | 0.004 | 0.020 | 0.038 | **中性** |
| 半导体设备 | -0.148 | 3.77 | -0.156 | -0.072 | -0.043 | -0.016 | 0.006 | 0.035 | 0.131 | **看空** |

---

### 评级说明

- `极致看多`：当前分数 >= 历史 q99
- `强烈看多`：当前分数 >= 历史 q90
- `看多`：当前分数 >= 历史 q75
- `中性偏多`：当前分数 >= 历史 q50
- `中性`：当前分数 >= 历史 q25
- `中性偏空`：当前分数 >= 历史 q10
- `看空`：当前分数 >= 历史 q01
- `强烈看空`：当前分数 < 历史 q01
