# 行业趋势日报 | 2026-04-28

> 说明：展示申万一级、申万二级和自定义行业的当日行业分数、历史 q01-q99 阈值，以及基于历史分位位置计算的当前买卖评级。
> 生成时间：2026-04-28 21:03:19

---

## 大盘

> 展示全市场当日分数与历史 q01-q99 阈值。

| 对象 | 当前分数 | q01 | q10 | q25 | q50 | q75 | q90 | q99 | 买卖评级 |
| :-- | --: | --: | --: | --: | --: | --: | --: | --: | :-- |
| 全市场 | -0.009 | -0.060 | -0.037 | -0.023 | -0.017 | -0.006 | 0.001 | 0.013 | **中性偏多** |

## 申万一级行业

> 展示行业当前分数、今日板块平均涨幅和历史 q01-q99 阈值。

共 31 个行业，按当前分数从高到低排序。

| 行业名 | 当前分数 | 今日涨幅(%) | q01 | q10 | q25 | q50 | q75 | q90 | q99 | 买卖评级 |
| :-- | --: | --: | --: | --: | --: | --: | --: | --: | --: | :-- |
| 医药生物 | 0.030 | -0.26 | -0.060 | -0.030 | -0.021 | -0.010 | -0.004 | 0.002 | 0.032 | **强烈看多** |
| 环保 | 0.019 | 0.29 | -0.062 | -0.035 | -0.024 | -0.013 | -0.005 | 0.005 | 0.021 | **强烈看多** |
| 美容护理 | 0.017 | -1.30 | -0.047 | -0.024 | -0.017 | -0.007 | 0.004 | 0.015 | 0.038 | **强烈看多** |
| 有色金属 | 0.009 | -2.35 | -0.440 | -0.102 | -0.048 | -0.014 | 0.005 | 0.020 | 0.059 | **看多** |
| 商贸零售 | 0.007 | -0.99 | -0.079 | -0.043 | -0.022 | -0.010 | 0.002 | 0.016 | 0.063 | **看多** |
| 银行 | 0.001 | 0.27 | -0.044 | -0.033 | -0.017 | -0.009 | 0.000 | 0.006 | 0.022 | **看多** |
| 家用电器 | -0.001 | -1.73 | -0.069 | -0.039 | -0.021 | -0.011 | -0.002 | 0.009 | 0.045 | **看多** |
| 通信 | -0.003 | -2.11 | -0.103 | -0.073 | -0.047 | -0.022 | -0.007 | 0.004 | 0.021 | **看多** |
| 电力设备 | -0.005 | -1.36 | -0.082 | -0.048 | -0.033 | -0.019 | -0.004 | 0.017 | 0.044 | **中性偏多** |
| 建筑装饰 | -0.005 | 0.10 | -0.064 | -0.031 | -0.022 | -0.013 | -0.004 | 0.005 | 0.022 | **中性偏多** |
| 食品饮料 | -0.006 | -0.24 | -0.069 | -0.023 | -0.014 | -0.008 | 0.000 | 0.008 | 0.033 | **中性偏多** |
| 交通运输 | -0.007 | 0.13 | -0.058 | -0.031 | -0.017 | -0.011 | -0.004 | 0.006 | 0.043 | **中性偏多** |
| 汽车 | -0.007 | -2.04 | -0.062 | -0.035 | -0.023 | -0.015 | -0.002 | 0.004 | 0.030 | **中性偏多** |
| 非银金融 | -0.007 | 0.60 | -0.068 | -0.025 | -0.016 | -0.008 | -0.002 | 0.004 | 0.021 | **中性偏多** |
| 社会服务 | -0.010 | -2.33 | -0.069 | -0.033 | -0.022 | -0.013 | 0.000 | 0.007 | 0.024 | **中性偏多** |
| 综合 | -0.013 | 2.35 | -0.253 | -0.144 | -0.054 | -0.023 | 0.001 | 0.021 | 0.204 | **中性偏多** |
| 国防军工 | -0.013 | -1.80 | -0.152 | -0.066 | -0.030 | -0.016 | 0.001 | 0.016 | 0.034 | **中性偏多** |
| 钢铁 | -0.016 | -0.13 | -0.078 | -0.039 | -0.023 | -0.013 | -0.001 | 0.014 | 0.096 | **中性** |
| 房地产 | -0.017 | 0.10 | -0.051 | -0.030 | -0.017 | -0.005 | 0.005 | 0.016 | 0.039 | **中性** |
| 轻工制造 | -0.017 | -1.03 | -0.061 | -0.033 | -0.027 | -0.014 | 0.002 | 0.012 | 0.037 | **中性** |
| 农林牧渔 | -0.019 | 0.08 | -0.063 | -0.033 | -0.021 | -0.011 | 0.000 | 0.007 | 0.026 | **中性** |
| 传媒 | -0.020 | -1.45 | -0.156 | -0.059 | -0.029 | -0.009 | -0.000 | 0.017 | 0.046 | **中性** |
| 公用事业 | -0.021 | 0.35 | -0.060 | -0.037 | -0.024 | -0.013 | -0.006 | 0.003 | 0.030 | **中性** |
| 计算机 | -0.021 | -2.13 | -0.139 | -0.035 | -0.024 | -0.010 | 0.001 | 0.011 | 0.026 | **中性** |
| 电子 | -0.022 | -1.48 | -0.089 | -0.055 | -0.035 | -0.018 | -0.000 | 0.012 | 0.047 | **中性** |
| 机械设备 | -0.022 | -1.31 | -0.067 | -0.045 | -0.029 | -0.016 | -0.004 | 0.010 | 0.027 | **中性** |
| 基础化工 | -0.023 | -0.59 | -0.069 | -0.049 | -0.034 | -0.018 | -0.012 | 0.005 | 0.019 | **中性** |
| 纺织服饰 | -0.026 | -0.67 | -0.071 | -0.036 | -0.024 | -0.011 | -0.004 | 0.005 | 0.049 | **中性偏空** |
| 煤炭 | -0.028 | 2.97 | -0.145 | -0.061 | -0.030 | -0.015 | -0.004 | 0.004 | 0.110 | **中性** |
| 石油石化 | -0.030 | 1.42 | -0.185 | -0.068 | -0.042 | -0.019 | -0.008 | 0.010 | 0.335 | **中性** |
| 建筑材料 | -0.057 | -0.22 | -0.083 | -0.058 | -0.041 | -0.019 | -0.000 | 0.022 | 0.153 | **中性偏空** |

## 申万二级行业

> 展示行业当前分数、今日板块平均涨幅和历史 q01-q99 阈值。

共 128 个行业，按当前分数从高到低排序。

| 行业名 | 当前分数 | 今日涨幅(%) | q01 | q10 | q25 | q50 | q75 | q90 | q99 | 买卖评级 |
| :-- | --: | --: | --: | --: | --: | --: | --: | --: | --: | :-- |
| 医疗服务 | 0.217 | 2.30 | -0.091 | -0.040 | -0.025 | -0.005 | 0.004 | 0.016 | 0.098 | **极致看多** |
| 环保设备Ⅱ | 0.172 | 0.43 | -0.122 | -0.066 | -0.042 | -0.016 | -0.001 | 0.025 | 0.129 | **极致看多** |
| 航天装备Ⅱ | 0.063 | -3.50 | -0.624 | -0.185 | -0.078 | -0.023 | 0.004 | 0.051 | 0.359 | **强烈看多** |
| 调味发酵品Ⅱ | 0.049 | 1.15 | -0.069 | -0.029 | -0.014 | -0.005 | 0.004 | 0.015 | 0.050 | **强烈看多** |
| 化学纤维 | 0.030 | 0.94 | -0.111 | -0.072 | -0.037 | -0.019 | -0.002 | 0.025 | 0.063 | **强烈看多** |
| 化妆品 | 0.024 | -1.59 | -0.065 | -0.028 | -0.014 | -0.007 | 0.005 | 0.015 | 0.045 | **强烈看多** |
| 小家电 | 0.021 | -1.54 | -0.058 | -0.031 | -0.021 | -0.009 | 0.001 | 0.016 | 0.046 | **强烈看多** |
| 贵金属 | 0.021 | -2.99 | -0.969 | -0.098 | -0.036 | -0.014 | 0.007 | 0.033 | 0.102 | **看多** |
| 种植业 | 0.020 | 1.37 | -0.127 | -0.054 | -0.021 | -0.008 | 0.003 | 0.023 | 0.083 | **看多** |
| 风电设备 | 0.018 | -2.01 | -0.349 | -0.086 | -0.047 | -0.019 | 0.001 | 0.026 | 0.139 | **看多** |
| 通信服务 | 0.018 | -1.01 | -0.101 | -0.050 | -0.029 | -0.017 | -0.006 | 0.005 | 0.031 | **强烈看多** |
| 专业连锁Ⅱ | 0.016 | 0.18 | -0.143 | -0.044 | -0.022 | -0.004 | 0.010 | 0.023 | 0.048 | **看多** |
| 医疗美容 | 0.016 | -1.15 | -0.038 | -0.029 | -0.014 | -0.003 | 0.006 | 0.023 | 0.058 | **看多** |
| 工业金属 | 0.016 | -2.21 | -0.459 | -0.113 | -0.041 | -0.013 | 0.007 | 0.027 | 0.060 | **看多** |
| 广告营销 | 0.016 | -2.19 | -0.230 | -0.066 | -0.035 | -0.013 | 0.006 | 0.025 | 0.069 | **看多** |
| 小金属 | 0.014 | -3.17 | -0.230 | -0.114 | -0.064 | -0.020 | 0.006 | 0.026 | 0.165 | **看多** |
| 摩托车及其他 | 0.014 | -1.82 | -0.102 | -0.047 | -0.022 | -0.008 | 0.002 | 0.015 | 0.053 | **看多** |
| 房屋建设Ⅱ | 0.013 | 3.70 | -0.051 | -0.033 | -0.022 | -0.011 | -0.003 | 0.005 | 0.057 | **强烈看多** |
| 互联网电商 | 0.011 | -2.19 | -0.218 | -0.060 | -0.030 | -0.008 | 0.003 | 0.021 | 0.052 | **看多** |
| 一般零售 | 0.010 | -0.82 | -0.065 | -0.038 | -0.023 | -0.011 | 0.000 | 0.011 | 0.076 | **看多** |
| 医药商业 | 0.010 | -0.06 | -0.071 | -0.040 | -0.020 | -0.008 | 0.000 | 0.014 | 0.058 | **看多** |
| 化学制药 | 0.009 | -0.55 | -0.056 | -0.028 | -0.022 | -0.010 | -0.002 | 0.006 | 0.025 | **强烈看多** |
| 黑色家电 | 0.009 | -3.07 | -0.142 | -0.067 | -0.033 | -0.012 | 0.000 | 0.019 | 0.430 | **看多** |
| 个护用品 | 0.008 | -0.98 | -0.063 | -0.043 | -0.028 | -0.013 | 0.004 | 0.023 | 0.089 | **看多** |
| 农商行Ⅱ | 0.007 | -0.12 | -0.041 | -0.029 | -0.018 | -0.006 | -0.000 | 0.007 | 0.018 | **看多** |
| 国有大型银行Ⅱ | 0.006 | 0.85 | -0.051 | -0.034 | -0.020 | -0.010 | -0.001 | 0.007 | 0.028 | **看多** |
| 房地产服务 | 0.006 | -0.03 | -0.060 | -0.032 | -0.022 | -0.007 | 0.006 | 0.024 | 0.084 | **中性偏多** |
| 其他电源设备Ⅱ | 0.005 | -2.18 | -0.112 | -0.073 | -0.043 | -0.013 | 0.009 | 0.029 | 0.122 | **中性偏多** |
| 影视院线 | 0.004 | -2.43 | -0.432 | -0.084 | -0.030 | -0.007 | 0.014 | 0.044 | 0.181 | **中性偏多** |
| 专业工程 | 0.002 | -0.55 | -0.095 | -0.044 | -0.030 | -0.008 | 0.006 | 0.029 | 0.070 | **中性偏多** |
| 航空机场 | 0.002 | -0.74 | -0.071 | -0.029 | -0.015 | -0.008 | 0.001 | 0.009 | 0.054 | **看多** |
| 白色家电 | 0.002 | 1.05 | -0.071 | -0.038 | -0.018 | -0.010 | -0.003 | 0.006 | 0.014 | **看多** |
| 光学光电子 | 0.002 | -2.06 | -0.087 | -0.048 | -0.031 | -0.015 | 0.002 | 0.024 | 0.121 | **中性偏多** |
| 乘用车 | 0.001 | -1.11 | -0.068 | -0.032 | -0.020 | -0.007 | 0.001 | 0.008 | 0.046 | **看多** |
| 铁路公路 | 0.001 | 0.71 | -0.038 | -0.023 | -0.015 | -0.007 | 0.000 | 0.006 | 0.023 | **看多** |
| 医疗器械 | 0.001 | -0.92 | -0.069 | -0.030 | -0.019 | -0.011 | -0.004 | 0.001 | 0.021 | **看多** |
| 生物制品 | 0.001 | -0.36 | -0.084 | -0.040 | -0.024 | -0.013 | -0.006 | 0.001 | 0.036 | **看多** |
| 专业服务 | 0.000 | -1.59 | -0.084 | -0.045 | -0.028 | -0.011 | -0.001 | 0.012 | 0.034 | **看多** |
| 橡胶 | 0.000 | -0.34 | -0.128 | -0.059 | -0.033 | -0.010 | 0.010 | 0.027 | 0.273 | **中性偏多** |
| 旅游零售Ⅱ | -0.000 | -1.62 | -0.265 | -0.051 | -0.017 | -0.003 | 0.017 | 0.034 | 0.083 | **中性偏多** |
| 包装印刷 | -0.000 | -2.05 | -0.115 | -0.069 | -0.046 | -0.013 | 0.020 | 0.061 | 0.117 | **中性偏多** |
| 工程咨询服务Ⅱ | -0.000 | -0.47 | -0.057 | -0.041 | -0.025 | -0.011 | 0.003 | 0.021 | 0.068 | **中性偏多** |
| 渔业 | -0.004 | -1.46 | -0.104 | -0.035 | -0.017 | -0.008 | 0.004 | 0.012 | 0.121 | **中性偏多** |
| 电网设备 | -0.004 | -0.94 | -0.099 | -0.064 | -0.036 | -0.015 | -0.001 | 0.017 | 0.043 | **中性偏多** |
| 油气开采Ⅱ | -0.004 | 1.52 | -0.327 | -0.103 | -0.053 | -0.016 | 0.002 | 0.025 | 0.579 | **中性偏多** |
| 贸易Ⅱ | -0.005 | -1.16 | -0.155 | -0.055 | -0.029 | -0.009 | 0.006 | 0.053 | 0.213 | **中性偏多** |
| 地面兵装Ⅱ | -0.005 | -2.31 | -0.321 | -0.063 | -0.022 | -0.005 | 0.010 | 0.029 | 0.115 | **中性** |
| 工程机械 | -0.005 | 2.45 | -0.050 | -0.029 | -0.019 | -0.005 | 0.005 | 0.014 | 0.045 | **中性偏多** |
| 出版 | -0.005 | -0.78 | -0.121 | -0.035 | -0.024 | -0.011 | -0.003 | 0.009 | 0.024 | **中性偏多** |
| 电池 | -0.006 | -1.09 | -0.109 | -0.045 | -0.030 | -0.017 | -0.004 | 0.016 | 0.067 | **中性偏多** |
| 非白酒 | -0.006 | -0.83 | -0.049 | -0.032 | -0.017 | -0.007 | -0.000 | 0.009 | 0.027 | **中性偏多** |
| 计算机设备 | -0.006 | -1.04 | -0.079 | -0.033 | -0.024 | -0.008 | 0.002 | 0.009 | 0.036 | **中性偏多** |
| 电机Ⅱ | -0.006 | -1.90 | -0.137 | -0.044 | -0.018 | -0.006 | 0.009 | 0.020 | 0.062 | **中性** |
| 造纸 | -0.006 | -0.75 | -0.138 | -0.037 | -0.023 | -0.011 | 0.001 | 0.015 | 0.066 | **中性偏多** |
| 照明设备Ⅱ | -0.007 | -0.41 | -0.127 | -0.073 | -0.029 | -0.010 | 0.004 | 0.017 | 0.117 | **中性偏多** |
| 保险Ⅱ | -0.007 | -0.10 | -0.077 | -0.030 | -0.016 | -0.006 | 0.003 | 0.013 | 0.040 | **中性** |
| 数字媒体 | -0.007 | -3.20 | -0.395 | -0.061 | -0.020 | -0.009 | 0.010 | 0.027 | 0.179 | **中性偏多** |
| 股份制银行Ⅱ | -0.007 | 0.36 | -0.049 | -0.029 | -0.017 | -0.008 | -0.000 | 0.004 | 0.013 | **中性偏多** |
| 证券Ⅱ | -0.007 | 0.98 | -0.066 | -0.031 | -0.016 | -0.008 | -0.003 | 0.009 | 0.023 | **中性偏多** |
| 通用设备 | -0.007 | -1.72 | -0.073 | -0.043 | -0.029 | -0.017 | -0.001 | 0.015 | 0.038 | **中性偏多** |
| 航运港口 | -0.009 | 0.62 | -0.118 | -0.048 | -0.026 | -0.013 | -0.005 | 0.009 | 0.098 | **中性偏多** |
| 动物保健Ⅱ | -0.009 | 0.00 | -0.145 | -0.064 | -0.036 | -0.007 | 0.004 | 0.013 | 0.032 | **中性** |
| 多元金融 | -0.009 | -0.06 | -0.113 | -0.047 | -0.025 | -0.013 | -0.005 | 0.009 | 0.086 | **中性偏多** |
| 环境治理 | -0.009 | 0.26 | -0.063 | -0.030 | -0.022 | -0.012 | -0.004 | 0.004 | 0.017 | **中性偏多** |
| 纺织制造 | -0.009 | -1.05 | -0.065 | -0.044 | -0.027 | -0.012 | -0.002 | 0.009 | 0.021 | **中性偏多** |
| 白酒Ⅱ | -0.010 | -0.05 | -0.081 | -0.024 | -0.014 | -0.007 | 0.002 | 0.011 | 0.054 | **中性** |
| 通信设备 | -0.010 | -2.49 | -0.139 | -0.083 | -0.049 | -0.026 | -0.004 | 0.008 | 0.028 | **中性偏多** |
| 中药Ⅱ | -0.010 | 0.26 | -0.058 | -0.033 | -0.020 | -0.012 | -0.005 | -0.001 | 0.013 | **中性偏多** |
| 食品加工 | -0.011 | -0.15 | -0.059 | -0.026 | -0.014 | -0.006 | 0.002 | 0.009 | 0.024 | **中性** |
| 军工电子Ⅱ | -0.011 | -1.68 | -0.160 | -0.075 | -0.038 | -0.017 | -0.003 | 0.013 | 0.041 | **中性偏多** |
| 汽车零部件 | -0.011 | -2.21 | -0.087 | -0.041 | -0.029 | -0.015 | -0.003 | 0.008 | 0.028 | **中性偏多** |
| 旅游及景区 | -0.011 | -2.78 | -0.059 | -0.035 | -0.026 | -0.012 | 0.001 | 0.013 | 0.090 | **中性偏多** |
| 城商行Ⅱ | -0.012 | 0.24 | -0.043 | -0.026 | -0.012 | -0.005 | 0.005 | 0.015 | 0.034 | **中性** |
| 塑料 | -0.012 | -1.02 | -0.087 | -0.062 | -0.037 | -0.019 | 0.000 | 0.016 | 0.083 | **中性偏多** |
| 游戏Ⅱ | -0.012 | 0.57 | -0.156 | -0.063 | -0.026 | -0.008 | 0.010 | 0.026 | 0.063 | **中性** |
| 冶钢原料 | -0.012 | -0.53 | -0.115 | -0.077 | -0.052 | -0.017 | 0.011 | 0.032 | 0.179 | **中性偏多** |
| 化学制品 | -0.013 | -0.90 | -0.066 | -0.042 | -0.030 | -0.016 | -0.007 | 0.006 | 0.034 | **中性偏多** |
| 综合Ⅱ | -0.013 | 2.35 | -0.253 | -0.144 | -0.054 | -0.023 | 0.001 | 0.021 | 0.204 | **中性偏多** |
| 普钢 | -0.013 | 0.91 | -0.069 | -0.035 | -0.024 | -0.012 | -0.002 | 0.009 | 0.080 | **中性** |
| 饮料乳品 | -0.014 | -0.67 | -0.070 | -0.031 | -0.018 | -0.011 | -0.004 | 0.004 | 0.029 | **中性** |
| 基础建设 | -0.014 | -0.19 | -0.107 | -0.040 | -0.025 | -0.012 | -0.005 | 0.009 | 0.041 | **中性** |
| 油服工程 | -0.014 | 0.59 | -0.214 | -0.095 | -0.049 | -0.017 | -0.004 | 0.014 | 0.589 | **中性偏多** |
| 消费电子 | -0.015 | -1.37 | -0.119 | -0.052 | -0.038 | -0.016 | -0.001 | 0.020 | 0.051 | **中性偏多** |
| 物流 | -0.015 | -0.61 | -0.045 | -0.029 | -0.016 | -0.009 | -0.001 | 0.005 | 0.051 | **中性** |
| 汽车服务 | -0.015 | -0.98 | -0.112 | -0.028 | -0.014 | -0.004 | 0.005 | 0.015 | 0.069 | **中性偏空** |
| 文娱用品 | -0.016 | -2.65 | -0.066 | -0.038 | -0.025 | -0.013 | -0.002 | 0.014 | 0.056 | **中性** |
| 软件开发 | -0.017 | -2.23 | -0.164 | -0.035 | -0.020 | -0.007 | 0.005 | 0.018 | 0.049 | **中性** |
| 家电零部件Ⅱ | -0.017 | -2.93 | -0.184 | -0.051 | -0.028 | -0.011 | -0.000 | 0.025 | 0.089 | **中性** |
| 农产品加工 | -0.017 | -1.26 | -0.075 | -0.035 | -0.020 | -0.011 | -0.002 | 0.013 | 0.029 | **中性** |
| 航空装备Ⅱ | -0.018 | -2.62 | -0.095 | -0.062 | -0.030 | -0.014 | 0.005 | 0.018 | 0.061 | **中性** |
| 房地产开发 | -0.019 | 0.13 | -0.054 | -0.031 | -0.019 | -0.005 | 0.005 | 0.014 | 0.049 | **中性偏空** |
| 酒店餐饮 | -0.019 | -2.09 | -0.073 | -0.037 | -0.021 | -0.007 | 0.004 | 0.015 | 0.032 | **中性** |
| 商用车 | -0.019 | -0.59 | -0.075 | -0.043 | -0.019 | -0.011 | -0.003 | 0.012 | 0.120 | **中性偏空** |
| 电力 | -0.020 | 0.17 | -0.062 | -0.033 | -0.022 | -0.013 | -0.005 | 0.003 | 0.030 | **中性** |
| 农业综合Ⅱ | -0.022 | -2.50 | -0.074 | -0.033 | -0.015 | -0.002 | 0.007 | 0.020 | 0.064 | **中性偏空** |
| 光伏设备 | -0.022 | -1.92 | -0.115 | -0.074 | -0.048 | -0.022 | -0.001 | 0.025 | 0.122 | **中性偏多** |
| 能源金属 | -0.022 | -1.96 | -0.109 | -0.059 | -0.045 | -0.019 | 0.002 | 0.019 | 0.065 | **中性** |
| 水泥 | -0.023 | -0.35 | -0.058 | -0.024 | -0.018 | -0.007 | 0.003 | 0.015 | 0.050 | **中性偏空** |
| 半导体 | -0.025 | -1.86 | -0.094 | -0.054 | -0.036 | -0.015 | 0.006 | 0.025 | 0.041 | **中性** |
| 饲料 | -0.025 | 0.75 | -0.064 | -0.036 | -0.020 | -0.011 | -0.004 | 0.007 | 0.048 | **中性偏空** |
| 教育 | -0.025 | -3.59 | -0.152 | -0.036 | -0.025 | -0.010 | 0.004 | 0.028 | 0.057 | **中性偏空** |
| 服装家纺 | -0.026 | -0.20 | -0.063 | -0.028 | -0.017 | -0.008 | 0.002 | 0.010 | 0.028 | **中性偏空** |
| 元件 | -0.027 | -1.40 | -0.109 | -0.071 | -0.046 | -0.019 | 0.005 | 0.019 | 0.085 | **中性** |
| 煤炭开采 | -0.028 | 2.97 | -0.145 | -0.061 | -0.030 | -0.015 | -0.004 | 0.004 | 0.110 | **中性** |
| 非金属材料Ⅱ | -0.028 | -1.52 | -0.131 | -0.083 | -0.043 | -0.017 | 0.008 | 0.042 | 0.130 | **中性** |
| 特钢Ⅱ | -0.028 | -0.97 | -0.089 | -0.034 | -0.023 | -0.006 | 0.004 | 0.025 | 0.047 | **中性偏空** |
| 养殖业 | -0.028 | 0.65 | -0.079 | -0.035 | -0.023 | -0.011 | 0.004 | 0.016 | 0.052 | **中性偏空** |
| 专用设备 | -0.029 | -1.07 | -0.086 | -0.062 | -0.040 | -0.020 | -0.008 | 0.015 | 0.056 | **中性** |
| 轨交设备Ⅱ | -0.029 | -1.80 | -0.074 | -0.032 | -0.023 | -0.011 | -0.001 | 0.007 | 0.029 | **中性偏空** |
| 家居用品 | -0.031 | -0.08 | -0.057 | -0.033 | -0.022 | -0.013 | -0.005 | 0.011 | 0.037 | **中性偏空** |
| 燃气Ⅱ | -0.032 | 1.15 | -0.146 | -0.054 | -0.032 | -0.020 | -0.005 | 0.009 | 0.086 | **中性** |
| 炼化及贸易 | -0.032 | 1.84 | -0.181 | -0.067 | -0.040 | -0.019 | -0.007 | 0.008 | 0.295 | **中性** |
| 化学原料 | -0.032 | -0.30 | -0.137 | -0.092 | -0.049 | -0.022 | -0.009 | 0.010 | 0.079 | **中性** |
| 休闲食品 | -0.039 | -0.79 | -0.082 | -0.031 | -0.016 | -0.008 | -0.000 | 0.008 | 0.042 | **看空** |
| 厨卫电器 | -0.042 | -0.56 | -0.107 | -0.042 | -0.024 | -0.013 | 0.000 | 0.011 | 0.085 | **中性偏空** |
| IT服务Ⅱ | -0.044 | -2.90 | -0.163 | -0.054 | -0.031 | -0.014 | 0.002 | 0.024 | 0.076 | **中性偏空** |
| 金属新材料 | -0.045 | -1.86 | -0.124 | -0.065 | -0.044 | -0.017 | -0.001 | 0.012 | 0.042 | **中性偏空** |
| 自动化设备 | -0.045 | -2.05 | -0.106 | -0.062 | -0.043 | -0.023 | -0.001 | 0.013 | 0.030 | **中性偏空** |
| 电子化学品Ⅱ | -0.048 | 1.26 | -0.166 | -0.078 | -0.045 | -0.023 | 0.000 | 0.019 | 0.070 | **中性偏空** |
| 农化制品 | -0.052 | 0.14 | -0.103 | -0.057 | -0.038 | -0.016 | -0.003 | 0.015 | 0.056 | **中性偏空** |
| 其他电子Ⅱ | -0.057 | -1.91 | -0.099 | -0.067 | -0.046 | -0.019 | 0.004 | 0.023 | 0.076 | **中性偏空** |
| 航海装备Ⅱ | -0.058 | 2.95 | -0.059 | -0.034 | -0.019 | -0.006 | 0.007 | 0.024 | 0.074 | **看空** |
| 饰品 | -0.059 | -1.20 | -0.294 | -0.068 | -0.033 | -0.015 | 0.001 | 0.015 | 0.157 | **中性偏空** |
| 玻璃玻纤 | -0.064 | 0.41 | -0.187 | -0.107 | -0.067 | -0.028 | 0.005 | 0.036 | 0.358 | **中性** |
| 装修装饰Ⅱ | -0.076 | 1.87 | -0.115 | -0.058 | -0.032 | -0.012 | 0.008 | 0.043 | 0.157 | **看空** |
| 装修建材 | -0.082 | -0.42 | -0.083 | -0.050 | -0.020 | -0.009 | -0.001 | 0.017 | 0.070 | **看空** |
| 其他家电Ⅱ | -0.139 | -0.86 | -0.139 | -0.043 | -0.014 | -0.003 | 0.008 | 0.026 | 0.132 | **看空** |
| 电视广播Ⅱ | -0.201 | -4.20 | -0.315 | -0.045 | -0.025 | -0.001 | 0.020 | 0.049 | 0.217 | **看空** |

## 自定义行业

> 展示行业当前分数、今日板块平均涨幅和历史 q01-q99 阈值。

共 26 个行业，按当前分数从高到低排序。

| 行业名 | 当前分数 | 今日涨幅(%) | q01 | q10 | q25 | q50 | q75 | q90 | q99 | 买卖评级 |
| :-- | --: | --: | --: | --: | --: | --: | --: | --: | --: | :-- |
| 液冷 | 0.050 | -0.69 | -0.131 | -0.083 | -0.054 | -0.028 | -0.008 | 0.010 | 0.079 | **强烈看多** |
| 算力租赁 | 0.036 | -0.10 | -0.169 | -0.080 | -0.040 | -0.020 | 0.000 | 0.009 | 0.050 | **强烈看多** |
| Ai眼镜 | 0.021 | -0.93 | -0.055 | -0.032 | -0.021 | -0.008 | 0.005 | 0.021 | 0.054 | **强烈看多** |
| 燃气轮机 | 0.013 | -1.47 | -0.103 | -0.068 | -0.042 | -0.025 | 0.006 | 0.019 | 0.076 | **看多** |
| 深海经济 | 0.012 | -0.05 | -0.092 | -0.053 | -0.029 | -0.013 | 0.009 | 0.030 | 0.100 | **看多** |
| 存储 | 0.006 | -0.32 | -0.135 | -0.090 | -0.053 | -0.024 | 0.010 | 0.059 | 0.203 | **中性偏多** |
| 固态 | -0.000 | -1.68 | -0.119 | -0.056 | -0.034 | -0.013 | -0.001 | 0.010 | 0.080 | **看多** |
| 大化工 | -0.001 | 0.01 | -0.103 | -0.052 | -0.034 | -0.015 | -0.003 | 0.014 | 0.031 | **看多** |
| 金融券商 | -0.003 | 0.37 | -0.071 | -0.032 | -0.017 | -0.008 | -0.000 | 0.009 | 0.023 | **中性偏多** |
| 低空经济 | -0.009 | -1.91 | -0.102 | -0.046 | -0.024 | -0.011 | -0.000 | 0.012 | 0.049 | **中性偏多** |
| 氢能源 | -0.009 | 0.49 | -0.131 | -0.066 | -0.037 | -0.016 | -0.001 | 0.010 | 0.112 | **中性偏多** |
| 光模块 | -0.011 | -1.96 | -0.171 | -0.084 | -0.058 | -0.025 | -0.002 | 0.012 | 0.050 | **中性偏多** |
| 锂电 | -0.012 | -2.20 | -0.117 | -0.048 | -0.034 | -0.019 | -0.003 | 0.015 | 0.064 | **中性偏多** |
| 商业航天 | -0.013 | -1.18 | -0.252 | -0.104 | -0.049 | -0.027 | -0.001 | 0.025 | 0.056 | **中性偏多** |
| 军工 | -0.013 | -2.24 | -0.121 | -0.054 | -0.029 | -0.016 | 0.003 | 0.019 | 0.042 | **中性偏多** |
| 电力及设备 | -0.014 | -0.37 | -0.074 | -0.041 | -0.026 | -0.014 | -0.006 | 0.005 | 0.019 | **中性偏多** |
| 人形机器人 | -0.015 | -2.41 | -0.103 | -0.040 | -0.025 | -0.011 | -0.001 | 0.015 | 0.035 | **中性** |
| 核聚变 | -0.019 | -1.23 | -0.098 | -0.059 | -0.041 | -0.017 | 0.003 | 0.017 | 0.051 | **中性** |
| 脑机接口 | -0.020 | -1.94 | -0.208 | -0.045 | -0.028 | -0.013 | 0.001 | 0.018 | 0.170 | **中性** |
| 半导体 | -0.022 | -1.94 | -0.101 | -0.055 | -0.037 | -0.016 | 0.004 | 0.015 | 0.034 | **中性** |
| pcb | -0.023 | -1.51 | -0.115 | -0.086 | -0.054 | -0.032 | 0.003 | 0.016 | 0.075 | **中性偏多** |
| 油气油运 | -0.028 | 1.13 | -0.195 | -0.066 | -0.040 | -0.021 | -0.010 | 0.009 | 0.327 | **中性** |
| 钠电池 | -0.029 | -0.04 | -0.096 | -0.049 | -0.031 | -0.015 | -0.003 | 0.018 | 0.100 | **中性** |
| 光伏 | -0.035 | -1.97 | -0.115 | -0.072 | -0.046 | -0.019 | 0.000 | 0.018 | 0.116 | **中性** |
| Ai电源 | -0.041 | -1.12 | -0.116 | -0.074 | -0.038 | -0.018 | 0.007 | 0.024 | 0.064 | **中性偏空** |
| 光刻机 | -0.117 | -1.37 | -0.117 | -0.067 | -0.043 | -0.020 | -0.004 | 0.015 | 0.075 | **看空** |

---

### 评级说明

- `极致看多`：当前分数 >= 历史 q99
- `强烈看多`：当前分数 >= 历史 q90
- `看多`：当前分数 >= 历史 q75
- `中性偏多`：当前分数 >= 历史 q50
- `中性`：当前分数 >= 历史 q25
- `中性偏空`：当前分数 >= 历史 q10
- `看空`：当前分数 >= 历史 q01
- `强烈看空`：当前分数 < 历史 q01
