# 行业趋势日报 | 2026-04-24

> 说明：展示申万一级、申万二级和自定义行业的当日行业分数、历史 q01-q99 阈值，以及基于历史分位位置计算的当前买卖评级。
> 生成时间：2026-04-24 19:23:15

---

## 大盘

> 展示全市场当日分数与历史 q01-q99 阈值。

| 对象 | 当前分数 | q01 | q10 | q25 | q50 | q75 | q90 | q99 | 买卖评级 |
| :-- | --: | --: | --: | --: | --: | --: | --: | --: | :-- |
| 全市场 | -0.015 | -0.060 | -0.037 | -0.023 | -0.017 | -0.007 | -0.000 | 0.015 | **中性偏多** |

## 申万一级行业

> 展示行业当前分数、今日板块平均涨幅和历史 q01-q99 阈值。

共 31 个行业，按当前分数从高到低排序。

| 行业名 | 当前分数 | 今日涨幅(%) | q01 | q10 | q25 | q50 | q75 | q90 | q99 | 买卖评级 |
| :-- | --: | --: | --: | --: | --: | --: | --: | --: | --: | :-- |
| 国防军工 | 0.007 | -2.43 | -0.153 | -0.067 | -0.031 | -0.015 | 0.000 | 0.014 | 0.033 | **看多** |
| 银行 | 0.007 | -0.74 | -0.047 | -0.033 | -0.017 | -0.009 | -0.002 | 0.006 | 0.023 | **强烈看多** |
| 公用事业 | 0.003 | -2.51 | -0.064 | -0.040 | -0.025 | -0.013 | -0.006 | 0.004 | 0.032 | **看多** |
| 综合 | 0.001 | 0.70 | -0.253 | -0.146 | -0.054 | -0.025 | 0.001 | 0.017 | 0.206 | **看多** |
| 社会服务 | -0.001 | -0.78 | -0.070 | -0.032 | -0.022 | -0.013 | -0.001 | 0.006 | 0.025 | **看多** |
| 煤炭 | -0.003 | -0.36 | -0.145 | -0.064 | -0.029 | -0.016 | -0.006 | 0.005 | 0.110 | **看多** |
| 商贸零售 | -0.006 | -0.79 | -0.082 | -0.043 | -0.022 | -0.010 | 0.002 | 0.014 | 0.063 | **中性偏多** |
| 石油石化 | -0.006 | -1.91 | -0.185 | -0.070 | -0.042 | -0.019 | -0.008 | 0.010 | 0.335 | **看多** |
| 汽车 | -0.008 | -0.80 | -0.062 | -0.036 | -0.023 | -0.015 | -0.002 | 0.003 | 0.031 | **中性偏多** |
| 非银金融 | -0.009 | -0.90 | -0.069 | -0.026 | -0.017 | -0.009 | -0.002 | 0.004 | 0.021 | **中性** |
| 交通运输 | -0.010 | -0.27 | -0.058 | -0.034 | -0.018 | -0.011 | -0.005 | 0.006 | 0.044 | **中性偏多** |
| 食品饮料 | -0.010 | -0.03 | -0.069 | -0.022 | -0.014 | -0.008 | 0.001 | 0.008 | 0.034 | **中性** |
| 电力设备 | -0.012 | -0.76 | -0.082 | -0.050 | -0.034 | -0.019 | -0.003 | 0.017 | 0.045 | **中性偏多** |
| 美容护理 | -0.012 | 0.61 | -0.047 | -0.025 | -0.017 | -0.007 | 0.004 | 0.015 | 0.038 | **中性** |
| 有色金属 | -0.012 | 0.50 | -0.442 | -0.103 | -0.048 | -0.014 | 0.004 | 0.017 | 0.046 | **中性偏多** |
| 农林牧渔 | -0.013 | -1.12 | -0.063 | -0.034 | -0.021 | -0.011 | 0.000 | 0.007 | 0.028 | **中性** |
| 建筑装饰 | -0.014 | -1.45 | -0.064 | -0.032 | -0.022 | -0.013 | -0.004 | 0.005 | 0.024 | **中性** |
| 基础化工 | -0.014 | 0.42 | -0.069 | -0.049 | -0.035 | -0.018 | -0.012 | 0.003 | 0.019 | **中性偏多** |
| 机械设备 | -0.016 | -0.44 | -0.067 | -0.045 | -0.030 | -0.016 | -0.004 | 0.009 | 0.029 | **中性** |
| 传媒 | -0.018 | -0.94 | -0.156 | -0.057 | -0.030 | -0.009 | 0.000 | 0.016 | 0.047 | **中性** |
| 纺织服饰 | -0.022 | 0.46 | -0.071 | -0.037 | -0.024 | -0.012 | -0.004 | 0.005 | 0.049 | **中性** |
| 环保 | -0.024 | -0.51 | -0.062 | -0.035 | -0.024 | -0.015 | -0.005 | 0.003 | 0.021 | **中性** |
| 计算机 | -0.025 | -0.48 | -0.139 | -0.035 | -0.024 | -0.010 | -0.000 | 0.010 | 0.027 | **中性偏空** |
| 房地产 | -0.025 | -1.30 | -0.051 | -0.030 | -0.017 | -0.004 | 0.004 | 0.013 | 0.040 | **中性偏空** |
| 医药生物 | -0.026 | -0.32 | -0.061 | -0.030 | -0.022 | -0.011 | -0.005 | 0.001 | 0.018 | **中性偏空** |
| 轻工制造 | -0.027 | -0.20 | -0.062 | -0.033 | -0.027 | -0.014 | 0.002 | 0.012 | 0.032 | **中性** |
| 钢铁 | -0.029 | -0.48 | -0.078 | -0.039 | -0.023 | -0.013 | -0.001 | 0.013 | 0.096 | **中性偏空** |
| 电子 | -0.033 | -0.36 | -0.089 | -0.055 | -0.036 | -0.017 | -0.000 | 0.010 | 0.041 | **中性** |
| 家用电器 | -0.046 | -0.47 | -0.070 | -0.040 | -0.021 | -0.011 | -0.003 | 0.006 | 0.046 | **看空** |
| 建筑材料 | -0.057 | -0.59 | -0.084 | -0.058 | -0.041 | -0.019 | -0.001 | 0.020 | 0.147 | **中性偏空** |
| 通信 | -0.077 | -2.33 | -0.103 | -0.073 | -0.047 | -0.024 | -0.010 | 0.002 | 0.022 | **看空** |

## 申万二级行业

> 展示行业当前分数、今日板块平均涨幅和历史 q01-q99 阈值。

共 128 个行业，按当前分数从高到低排序。

| 行业名 | 当前分数 | 今日涨幅(%) | q01 | q10 | q25 | q50 | q75 | q90 | q99 | 买卖评级 |
| :-- | --: | --: | --: | --: | --: | --: | --: | --: | --: | :-- |
| 航天装备Ⅱ | 0.050 | -6.31 | -0.624 | -0.190 | -0.079 | -0.023 | 0.003 | 0.043 | 0.360 | **强烈看多** |
| 能源金属 | 0.030 | 5.05 | -0.109 | -0.059 | -0.045 | -0.019 | 0.001 | 0.017 | 0.060 | **强烈看多** |
| 专业服务 | 0.025 | 0.17 | -0.084 | -0.044 | -0.027 | -0.011 | -0.001 | 0.011 | 0.036 | **强烈看多** |
| 其他电源设备Ⅱ | 0.021 | -3.10 | -0.112 | -0.073 | -0.044 | -0.017 | 0.009 | 0.028 | 0.119 | **看多** |
| 房地产服务 | 0.020 | -0.81 | -0.060 | -0.032 | -0.022 | -0.007 | 0.005 | 0.023 | 0.085 | **看多** |
| 旅游零售Ⅱ | 0.018 | -1.30 | -0.279 | -0.051 | -0.017 | -0.003 | 0.017 | 0.034 | 0.090 | **看多** |
| 塑料 | 0.018 | 0.05 | -0.088 | -0.062 | -0.037 | -0.020 | -0.000 | 0.015 | 0.084 | **强烈看多** |
| 军工电子Ⅱ | 0.014 | -2.54 | -0.159 | -0.076 | -0.038 | -0.016 | -0.003 | 0.013 | 0.043 | **强烈看多** |
| 个护用品 | 0.013 | -0.66 | -0.063 | -0.043 | -0.029 | -0.015 | 0.003 | 0.020 | 0.090 | **看多** |
| 风电设备 | 0.013 | -0.89 | -0.351 | -0.087 | -0.050 | -0.019 | 0.001 | 0.026 | 0.142 | **看多** |
| 地面兵装Ⅱ | 0.011 | -3.76 | -0.322 | -0.065 | -0.022 | -0.003 | 0.010 | 0.029 | 0.116 | **看多** |
| 国有大型银行Ⅱ | 0.011 | -0.04 | -0.055 | -0.034 | -0.020 | -0.011 | -0.002 | 0.006 | 0.030 | **强烈看多** |
| 航空装备Ⅱ | 0.010 | -1.85 | -0.098 | -0.064 | -0.030 | -0.012 | 0.005 | 0.016 | 0.062 | **看多** |
| 动物保健Ⅱ | 0.007 | -0.58 | -0.146 | -0.064 | -0.038 | -0.007 | 0.005 | 0.014 | 0.033 | **看多** |
| 家电零部件Ⅱ | 0.005 | -0.18 | -0.184 | -0.048 | -0.027 | -0.012 | -0.001 | 0.021 | 0.092 | **看多** |
| 金属新材料 | 0.005 | -0.33 | -0.125 | -0.065 | -0.044 | -0.017 | -0.001 | 0.010 | 0.038 | **看多** |
| 化学纤维 | 0.005 | -0.34 | -0.112 | -0.072 | -0.039 | -0.020 | -0.002 | 0.015 | 0.059 | **看多** |
| 电机Ⅱ | 0.005 | -1.02 | -0.138 | -0.045 | -0.019 | -0.005 | 0.007 | 0.020 | 0.061 | **中性偏多** |
| 服装家纺 | 0.005 | 1.38 | -0.063 | -0.028 | -0.017 | -0.009 | 0.002 | 0.010 | 0.028 | **看多** |
| 电力 | 0.004 | -2.81 | -0.065 | -0.036 | -0.026 | -0.013 | -0.005 | 0.004 | 0.032 | **强烈看多** |
| 白色家电 | 0.004 | -1.49 | -0.076 | -0.039 | -0.019 | -0.010 | -0.004 | 0.006 | 0.016 | **看多** |
| 电网设备 | 0.003 | -1.04 | -0.100 | -0.064 | -0.036 | -0.015 | -0.002 | 0.013 | 0.044 | **看多** |
| 养殖业 | 0.003 | -2.23 | -0.089 | -0.035 | -0.022 | -0.011 | 0.004 | 0.017 | 0.053 | **中性偏多** |
| 医药商业 | 0.003 | -0.81 | -0.071 | -0.040 | -0.021 | -0.009 | 0.000 | 0.014 | 0.058 | **看多** |
| 照明设备Ⅱ | 0.003 | -1.51 | -0.127 | -0.073 | -0.030 | -0.010 | 0.005 | 0.016 | 0.117 | **中性偏多** |
| 综合Ⅱ | 0.001 | 0.70 | -0.253 | -0.146 | -0.054 | -0.025 | 0.001 | 0.017 | 0.206 | **看多** |
| 农化制品 | 0.001 | 2.15 | -0.103 | -0.058 | -0.039 | -0.015 | -0.003 | 0.009 | 0.056 | **看多** |
| 城商行Ⅱ | 0.001 | -0.90 | -0.044 | -0.027 | -0.013 | -0.006 | 0.005 | 0.013 | 0.036 | **中性偏多** |
| 基础建设 | 0.001 | -1.47 | -0.108 | -0.040 | -0.025 | -0.012 | -0.006 | 0.007 | 0.043 | **看多** |
| 饮料乳品 | 0.001 | -0.21 | -0.070 | -0.030 | -0.019 | -0.011 | -0.004 | 0.003 | 0.031 | **看多** |
| 光学光电子 | 0.000 | -1.38 | -0.089 | -0.049 | -0.032 | -0.016 | 0.001 | 0.023 | 0.122 | **中性偏多** |
| 农商行Ⅱ | 0.000 | -1.22 | -0.050 | -0.029 | -0.018 | -0.007 | -0.002 | 0.005 | 0.019 | **看多** |
| 一般零售 | 0.000 | -0.71 | -0.065 | -0.039 | -0.023 | -0.012 | -0.000 | 0.011 | 0.076 | **看多** |
| 调味发酵品Ⅱ | 0.000 | 0.10 | -0.070 | -0.030 | -0.014 | -0.005 | 0.003 | 0.012 | 0.025 | **中性偏多** |
| 电视广播Ⅱ | -0.000 | -0.73 | -0.307 | -0.040 | -0.025 | -0.001 | 0.016 | 0.043 | 0.176 | **中性偏多** |
| 股份制银行Ⅱ | -0.001 | -0.35 | -0.049 | -0.029 | -0.017 | -0.008 | -0.000 | 0.004 | 0.013 | **中性偏多** |
| 工程咨询服务Ⅱ | -0.002 | -1.31 | -0.057 | -0.041 | -0.026 | -0.013 | 0.000 | 0.018 | 0.070 | **中性偏多** |
| 煤炭开采 | -0.003 | -0.36 | -0.145 | -0.064 | -0.029 | -0.016 | -0.006 | 0.005 | 0.110 | **看多** |
| 油气开采Ⅱ | -0.003 | -1.91 | -0.332 | -0.101 | -0.059 | -0.019 | 0.002 | 0.023 | 0.583 | **中性偏多** |
| 商用车 | -0.003 | -0.78 | -0.080 | -0.043 | -0.019 | -0.011 | -0.003 | 0.013 | 0.122 | **中性偏多** |
| 铁路公路 | -0.004 | -0.47 | -0.038 | -0.024 | -0.015 | -0.008 | -0.000 | 0.006 | 0.025 | **中性偏多** |
| 专业连锁Ⅱ | -0.004 | -0.82 | -0.143 | -0.045 | -0.022 | -0.004 | 0.010 | 0.022 | 0.040 | **中性** |
| 油服工程 | -0.004 | -2.23 | -0.220 | -0.095 | -0.054 | -0.018 | -0.004 | 0.012 | 0.593 | **看多** |
| 游戏Ⅱ | -0.004 | -0.63 | -0.158 | -0.061 | -0.026 | -0.008 | 0.011 | 0.024 | 0.062 | **中性偏多** |
| 燃气Ⅱ | -0.004 | -1.18 | -0.147 | -0.055 | -0.032 | -0.020 | -0.005 | 0.009 | 0.087 | **看多** |
| 汽车零部件 | -0.005 | -0.88 | -0.087 | -0.042 | -0.029 | -0.016 | -0.003 | 0.008 | 0.027 | **中性偏多** |
| 航空机场 | -0.005 | -0.56 | -0.071 | -0.029 | -0.016 | -0.008 | 0.001 | 0.009 | 0.051 | **中性偏多** |
| 食品加工 | -0.005 | -0.40 | -0.059 | -0.026 | -0.014 | -0.006 | 0.002 | 0.009 | 0.026 | **中性偏多** |
| 水泥 | -0.006 | -0.41 | -0.059 | -0.024 | -0.017 | -0.007 | 0.002 | 0.015 | 0.051 | **中性偏多** |
| 种植业 | -0.006 | -0.35 | -0.129 | -0.056 | -0.021 | -0.008 | 0.002 | 0.022 | 0.084 | **中性偏多** |
| 物流 | -0.006 | 0.45 | -0.045 | -0.028 | -0.017 | -0.010 | -0.002 | 0.006 | 0.051 | **中性偏多** |
| 炼化及贸易 | -0.006 | -1.74 | -0.181 | -0.070 | -0.040 | -0.020 | -0.006 | 0.008 | 0.295 | **看多** |
| 证券Ⅱ | -0.007 | -0.90 | -0.066 | -0.031 | -0.016 | -0.008 | -0.002 | 0.009 | 0.025 | **中性偏多** |
| 软件开发 | -0.007 | -1.25 | -0.166 | -0.035 | -0.020 | -0.007 | 0.005 | 0.017 | 0.047 | **中性** |
| 医疗器械 | -0.008 | -0.10 | -0.070 | -0.031 | -0.020 | -0.011 | -0.004 | -0.000 | 0.022 | **中性偏多** |
| 轨交设备Ⅱ | -0.008 | -0.05 | -0.074 | -0.031 | -0.022 | -0.011 | -0.002 | 0.006 | 0.031 | **中性偏多** |
| 休闲食品 | -0.008 | 0.57 | -0.056 | -0.028 | -0.015 | -0.006 | -0.001 | 0.006 | 0.043 | **中性** |
| 数字媒体 | -0.008 | -0.57 | -0.399 | -0.062 | -0.020 | -0.008 | 0.012 | 0.026 | 0.183 | **中性** |
| 专用设备 | -0.009 | -0.24 | -0.087 | -0.062 | -0.041 | -0.022 | -0.009 | 0.014 | 0.058 | **看多** |
| 保险Ⅱ | -0.009 | -0.52 | -0.078 | -0.030 | -0.016 | -0.007 | 0.002 | 0.013 | 0.039 | **中性** |
| 农业综合Ⅱ | -0.009 | 4.00 | -0.055 | -0.032 | -0.014 | -0.002 | 0.007 | 0.019 | 0.066 | **中性** |
| 乘用车 | -0.009 | -1.13 | -0.067 | -0.031 | -0.021 | -0.007 | 0.000 | 0.008 | 0.046 | **中性** |
| 工业金属 | -0.010 | 0.66 | -0.459 | -0.113 | -0.043 | -0.013 | 0.006 | 0.025 | 0.059 | **中性偏多** |
| 普钢 | -0.010 | -0.95 | -0.069 | -0.036 | -0.023 | -0.011 | -0.003 | 0.009 | 0.081 | **中性偏多** |
| 其他电子Ⅱ | -0.011 | -1.35 | -0.100 | -0.068 | -0.046 | -0.019 | 0.003 | 0.017 | 0.071 | **中性偏多** |
| 家居用品 | -0.011 | 0.64 | -0.057 | -0.032 | -0.022 | -0.013 | -0.005 | 0.011 | 0.038 | **中性偏多** |
| 其他家电Ⅱ | -0.012 | 0.44 | -0.068 | -0.040 | -0.014 | -0.002 | 0.006 | 0.024 | 0.093 | **中性** |
| 非白酒 | -0.012 | -0.33 | -0.044 | -0.031 | -0.017 | -0.006 | -0.001 | 0.008 | 0.028 | **中性** |
| 厨卫电器 | -0.013 | 0.73 | -0.107 | -0.043 | -0.024 | -0.014 | -0.001 | 0.011 | 0.085 | **中性偏多** |
| 贵金属 | -0.013 | -0.87 | -0.982 | -0.100 | -0.037 | -0.015 | 0.007 | 0.029 | 0.103 | **中性偏多** |
| 渔业 | -0.013 | 0.14 | -0.105 | -0.035 | -0.017 | -0.010 | 0.004 | 0.012 | 0.122 | **中性** |
| 专业工程 | -0.013 | -1.36 | -0.096 | -0.044 | -0.030 | -0.010 | 0.003 | 0.027 | 0.071 | **中性** |
| 白酒Ⅱ | -0.014 | 0.13 | -0.082 | -0.023 | -0.014 | -0.006 | 0.002 | 0.011 | 0.054 | **中性** |
| 化学制品 | -0.014 | 0.12 | -0.066 | -0.042 | -0.031 | -0.016 | -0.007 | 0.005 | 0.025 | **中性偏多** |
| 旅游及景区 | -0.015 | -1.51 | -0.060 | -0.035 | -0.025 | -0.012 | 0.001 | 0.013 | 0.091 | **中性** |
| 生物制品 | -0.015 | -1.24 | -0.090 | -0.043 | -0.025 | -0.013 | -0.007 | 0.001 | 0.038 | **中性** |
| 酒店餐饮 | -0.016 | -1.12 | -0.073 | -0.037 | -0.022 | -0.007 | 0.005 | 0.015 | 0.033 | **中性** |
| 航运港口 | -0.016 | -0.79 | -0.118 | -0.050 | -0.028 | -0.016 | -0.007 | 0.007 | 0.098 | **中性** |
| 光伏设备 | -0.017 | -1.32 | -0.159 | -0.079 | -0.049 | -0.022 | -0.000 | 0.025 | 0.124 | **中性偏多** |
| 出版 | -0.017 | -0.63 | -0.123 | -0.035 | -0.024 | -0.011 | -0.004 | 0.009 | 0.025 | **中性** |
| 橡胶 | -0.018 | 0.16 | -0.129 | -0.056 | -0.033 | -0.008 | 0.009 | 0.025 | 0.278 | **中性** |
| 环境治理 | -0.019 | -0.57 | -0.063 | -0.031 | -0.023 | -0.012 | -0.005 | 0.002 | 0.018 | **中性** |
| 化妆品 | -0.020 | 1.65 | -0.065 | -0.027 | -0.014 | -0.007 | 0.004 | 0.014 | 0.041 | **中性偏空** |
| 中药Ⅱ | -0.020 | 0.22 | -0.052 | -0.031 | -0.020 | -0.012 | -0.006 | -0.001 | 0.015 | **中性** |
| 通用设备 | -0.020 | -0.77 | -0.073 | -0.043 | -0.029 | -0.017 | -0.001 | 0.012 | 0.034 | **中性** |
| 农产品加工 | -0.020 | -0.57 | -0.076 | -0.037 | -0.020 | -0.011 | -0.002 | 0.011 | 0.030 | **中性** |
| 工程机械 | -0.021 | 0.66 | -0.050 | -0.029 | -0.020 | -0.006 | 0.005 | 0.015 | 0.045 | **中性偏空** |
| 汽车服务 | -0.021 | 0.40 | -0.113 | -0.028 | -0.013 | -0.003 | 0.005 | 0.013 | 0.070 | **中性偏空** |
| 多元金融 | -0.022 | -0.98 | -0.116 | -0.048 | -0.026 | -0.014 | -0.004 | 0.010 | 0.088 | **中性** |
| 房屋建设Ⅱ | -0.022 | -0.85 | -0.051 | -0.034 | -0.022 | -0.011 | -0.003 | 0.005 | 0.057 | **中性偏空** |
| 计算机设备 | -0.023 | 0.34 | -0.080 | -0.033 | -0.023 | -0.008 | 0.002 | 0.008 | 0.038 | **中性** |
| 贸易Ⅱ | -0.024 | -1.17 | -0.155 | -0.055 | -0.031 | -0.012 | 0.005 | 0.057 | 0.214 | **中性** |
| 自动化设备 | -0.024 | -0.67 | -0.107 | -0.063 | -0.042 | -0.023 | -0.003 | 0.011 | 0.031 | **中性** |
| 教育 | -0.027 | -1.73 | -0.155 | -0.037 | -0.024 | -0.008 | 0.004 | 0.022 | 0.058 | **中性偏空** |
| 医疗美容 | -0.027 | 0.35 | -0.055 | -0.029 | -0.014 | -0.003 | 0.006 | 0.024 | 0.059 | **中性偏空** |
| 文娱用品 | -0.027 | -0.29 | -0.066 | -0.040 | -0.027 | -0.013 | -0.002 | 0.013 | 0.054 | **中性偏空** |
| 饰品 | -0.028 | -1.35 | -0.297 | -0.069 | -0.032 | -0.014 | -0.001 | 0.014 | 0.158 | **中性** |
| 摩托车及其他 | -0.028 | 0.06 | -0.106 | -0.047 | -0.023 | -0.010 | -0.001 | 0.014 | 0.054 | **中性偏空** |
| 电池 | -0.028 | 1.23 | -0.110 | -0.046 | -0.032 | -0.017 | -0.004 | 0.015 | 0.067 | **中性** |
| 房地产开发 | -0.029 | -1.44 | -0.054 | -0.031 | -0.018 | -0.004 | 0.004 | 0.011 | 0.049 | **中性偏空** |
| 半导体 | -0.030 | 1.14 | -0.094 | -0.054 | -0.035 | -0.014 | 0.005 | 0.023 | 0.041 | **中性** |
| 元件 | -0.031 | -1.25 | -0.110 | -0.071 | -0.047 | -0.019 | 0.004 | 0.018 | 0.085 | **中性** |
| 化学制药 | -0.031 | -0.39 | -0.057 | -0.028 | -0.022 | -0.010 | -0.002 | 0.005 | 0.025 | **看空** |
| 装修建材 | -0.031 | -0.40 | -0.069 | -0.043 | -0.020 | -0.009 | -0.001 | 0.016 | 0.071 | **中性偏空** |
| 电子化学品Ⅱ | -0.033 | 1.48 | -0.167 | -0.079 | -0.048 | -0.023 | -0.002 | 0.017 | 0.068 | **中性** |
| 造纸 | -0.034 | -3.16 | -0.139 | -0.038 | -0.023 | -0.012 | -0.000 | 0.014 | 0.066 | **中性偏空** |
| 影视院线 | -0.040 | -1.84 | -0.437 | -0.089 | -0.029 | -0.007 | 0.014 | 0.044 | 0.185 | **中性偏空** |
| 通信服务 | -0.041 | -2.55 | -0.102 | -0.051 | -0.030 | -0.017 | -0.006 | 0.003 | 0.033 | **中性偏空** |
| 广告营销 | -0.041 | -1.82 | -0.231 | -0.066 | -0.035 | -0.013 | 0.004 | 0.023 | 0.070 | **中性偏空** |
| 小金属 | -0.044 | -0.26 | -0.230 | -0.115 | -0.066 | -0.025 | -0.001 | 0.026 | 0.165 | **中性** |
| 非金属材料Ⅱ | -0.045 | -0.40 | -0.131 | -0.085 | -0.046 | -0.017 | 0.006 | 0.037 | 0.131 | **中性** |
| IT服务Ⅱ | -0.046 | -0.47 | -0.164 | -0.054 | -0.030 | -0.013 | 0.001 | 0.017 | 0.076 | **中性偏空** |
| 特钢Ⅱ | -0.046 | -1.43 | -0.091 | -0.034 | -0.022 | -0.006 | 0.004 | 0.021 | 0.047 | **看空** |
| 小家电 | -0.047 | -0.28 | -0.058 | -0.032 | -0.022 | -0.010 | -0.000 | 0.013 | 0.047 | **看空** |
| 化学原料 | -0.047 | 0.69 | -0.137 | -0.095 | -0.052 | -0.025 | -0.009 | 0.010 | 0.084 | **中性** |
| 航海装备Ⅱ | -0.049 | -2.01 | -0.060 | -0.031 | -0.019 | -0.006 | 0.007 | 0.023 | 0.074 | **看空** |
| 消费电子 | -0.050 | -1.12 | -0.120 | -0.052 | -0.038 | -0.016 | -0.003 | 0.018 | 0.048 | **中性偏空** |
| 环保设备Ⅱ | -0.050 | -0.24 | -0.123 | -0.070 | -0.042 | -0.016 | -0.003 | 0.023 | 0.099 | **中性偏空** |
| 包装印刷 | -0.050 | 0.26 | -0.115 | -0.069 | -0.047 | -0.015 | 0.017 | 0.061 | 0.117 | **中性偏空** |
| 纺织制造 | -0.052 | 0.02 | -0.065 | -0.045 | -0.027 | -0.013 | -0.003 | 0.007 | 0.020 | **看空** |
| 饲料 | -0.062 | -3.19 | -0.065 | -0.037 | -0.020 | -0.011 | -0.004 | 0.007 | 0.050 | **看空** |
| 冶钢原料 | -0.063 | 1.43 | -0.115 | -0.077 | -0.054 | -0.019 | 0.010 | 0.032 | 0.178 | **中性偏空** |
| 互联网电商 | -0.065 | -0.65 | -0.218 | -0.061 | -0.032 | -0.008 | 0.003 | 0.019 | 0.052 | **看空** |
| 医疗服务 | -0.073 | -0.30 | -0.095 | -0.041 | -0.025 | -0.006 | 0.003 | 0.013 | 0.043 | **看空** |
| 通信设备 | -0.090 | -2.25 | -0.139 | -0.087 | -0.056 | -0.027 | -0.004 | 0.007 | 0.029 | **看空** |
| 玻璃玻纤 | -0.105 | -1.24 | -0.188 | -0.109 | -0.071 | -0.030 | 0.001 | 0.034 | 0.344 | **中性偏空** |
| 装修装饰Ⅱ | -0.282 | -2.72 | -0.101 | -0.049 | -0.031 | -0.012 | 0.008 | 0.043 | 0.165 | **强烈看空** |
| 黑色家电 | -0.477 | -1.71 | -0.149 | -0.066 | -0.033 | -0.013 | -0.001 | 0.018 | 0.431 | **强烈看空** |

## 自定义行业

> 展示行业当前分数、今日板块平均涨幅和历史 q01-q99 阈值。

共 26 个行业，按当前分数从高到低排序。

| 行业名 | 当前分数 | 今日涨幅(%) | q01 | q10 | q25 | q50 | q75 | q90 | q99 | 买卖评级 |
| :-- | --: | --: | --: | --: | --: | --: | --: | --: | --: | :-- |
| 钠电池 | 0.098 | 4.20 | -0.099 | -0.057 | -0.034 | -0.016 | -0.003 | 0.020 | 0.101 | **强烈看多** |
| 固态 | 0.011 | -0.69 | -0.126 | -0.058 | -0.035 | -0.014 | -0.002 | 0.011 | 0.081 | **强烈看多** |
| 低空经济 | 0.010 | -1.70 | -0.103 | -0.047 | -0.025 | -0.011 | -0.000 | 0.012 | 0.050 | **看多** |
| 燃气轮机 | 0.009 | -3.04 | -0.103 | -0.068 | -0.042 | -0.027 | 0.004 | 0.018 | 0.079 | **看多** |
| 商业航天 | 0.004 | -2.57 | -0.254 | -0.104 | -0.049 | -0.027 | -0.002 | 0.022 | 0.057 | **看多** |
| 电力及设备 | 0.003 | -2.25 | -0.074 | -0.043 | -0.029 | -0.014 | -0.007 | 0.005 | 0.018 | **看多** |
| 军工 | 0.000 | -1.96 | -0.122 | -0.055 | -0.030 | -0.016 | 0.002 | 0.017 | 0.043 | **中性偏多** |
| 金融券商 | -0.000 | -1.25 | -0.072 | -0.032 | -0.017 | -0.008 | 0.001 | 0.010 | 0.025 | **中性偏多** |
| Ai眼镜 | -0.002 | -0.15 | -0.056 | -0.031 | -0.019 | -0.008 | 0.004 | 0.018 | 0.049 | **中性偏多** |
| 光伏 | -0.002 | -1.26 | -0.118 | -0.073 | -0.048 | -0.019 | -0.001 | 0.018 | 0.120 | **中性偏多** |
| 核聚变 | -0.006 | -1.29 | -0.098 | -0.060 | -0.043 | -0.020 | 0.001 | 0.016 | 0.052 | **中性偏多** |
| 人形机器人 | -0.006 | -0.68 | -0.104 | -0.040 | -0.026 | -0.010 | -0.001 | 0.013 | 0.036 | **中性偏多** |
| 锂电 | -0.008 | 4.60 | -0.117 | -0.048 | -0.035 | -0.019 | -0.003 | 0.014 | 0.064 | **中性偏多** |
| 脑机接口 | -0.009 | -0.77 | -0.209 | -0.046 | -0.028 | -0.012 | -0.000 | 0.016 | 0.171 | **中性偏多** |
| 光刻机 | -0.011 | -0.12 | -0.115 | -0.064 | -0.042 | -0.022 | -0.008 | 0.015 | 0.077 | **中性偏多** |
| 油气油运 | -0.012 | -1.36 | -0.195 | -0.067 | -0.043 | -0.021 | -0.010 | 0.009 | 0.327 | **中性偏多** |
| 大化工 | -0.016 | 0.80 | -0.103 | -0.052 | -0.035 | -0.015 | -0.004 | 0.012 | 0.030 | **中性** |
| Ai电源 | -0.017 | -1.55 | -0.117 | -0.074 | -0.039 | -0.017 | 0.006 | 0.022 | 0.064 | **中性** |
| 氢能源 | -0.028 | -1.41 | -0.131 | -0.068 | -0.038 | -0.019 | -0.003 | 0.007 | 0.119 | **中性** |
| 半导体 | -0.032 | 0.83 | -0.101 | -0.056 | -0.037 | -0.016 | 0.004 | 0.013 | 0.035 | **中性** |
| 液冷 | -0.033 | -0.36 | -0.134 | -0.084 | -0.055 | -0.029 | -0.009 | 0.009 | 0.078 | **中性** |
| pcb | -0.036 | -1.48 | -0.118 | -0.086 | -0.055 | -0.033 | 0.002 | 0.013 | 0.076 | **中性** |
| 存储 | -0.036 | -0.22 | -0.136 | -0.090 | -0.053 | -0.026 | 0.010 | 0.057 | 0.203 | **中性** |
| 算力租赁 | -0.038 | -1.21 | -0.170 | -0.083 | -0.040 | -0.022 | -0.002 | 0.007 | 0.041 | **中性** |
| 深海经济 | -0.051 | -1.96 | -0.095 | -0.063 | -0.029 | -0.013 | 0.009 | 0.027 | 0.100 | **中性偏空** |
| 光模块 | -0.108 | -2.75 | -0.171 | -0.086 | -0.059 | -0.029 | -0.002 | 0.010 | 0.044 | **看空** |

---

### 评级说明

- `极致看多`：当前分数 >= 历史 q99
- `强烈看多`：当前分数 >= 历史 q90
- `看多`：当前分数 >= 历史 q75
- `中性偏多`：当前分数 >= 历史 q50
- `中性`：当前分数 >= 历史 q25
- `中性偏空`：当前分数 >= 历史 q10
- `看空`：当前分数 >= 历史 q01
- `强烈看空`：当前分数 < 历史 q01
